nlat =       81
Ammonia abundances in units of ppm
Latitude (centric), Retrieved NH3 (ppm), retrieved NH3 error (ppm), FIT f_NH3, FIT f_NH3_error,HILL f_NH3
     -40.0000      155.480      8.87310      109.912      5.35437      99.6594
     -39.0000      156.700      8.80650      110.568      5.31810      100.433
     -38.0000      157.040      8.70020      110.240      5.22398      99.9155
     -37.0000      157.520      8.66860      110.261      5.23316      99.3612
     -36.0000      156.270      8.59680      110.583      5.22579      99.6514
     -35.0000      154.660      8.50600      110.896      5.15481      100.656
     -34.0000      156.170      8.42440      111.549      5.08022      103.966
     -33.0000      160.470      8.31550      112.839      4.92063      108.040
     -32.0000      163.210      8.22690      113.361      4.80946      108.767
     -31.0000      164.270      8.35910      112.044      4.75844      108.171
     -30.0000      164.000      8.59450      110.260      4.77507      106.907
     -29.0000      163.480      8.77490      109.908      4.86513      107.187
     -28.0000      162.660      8.86490      109.548      4.89816      107.100
     -27.0000      162.550      8.89470      109.129      4.88007      106.507
     -26.0000      161.370      8.81620      108.325      4.85474      105.422
     -25.0000      157.270      8.70090      106.374      4.78643      100.494
     -24.0000      153.760      8.64190      104.507      4.69389      97.0312
     -23.0000      151.640      8.53190      103.703      4.61442      96.2537
     -22.0000      151.360      8.41500      103.425      4.55492      96.3398
     -21.0000      151.720      8.34690      103.702      4.50500      96.4041
     -20.0000      155.380      8.28680      106.633      4.50966      98.3152
     -19.0000      159.760      8.19930      110.810      4.57894      101.104
     -18.0000      159.410      8.07920      113.212      4.67450      101.834
     -17.0000      154.300      8.03410      112.266      4.75271      99.1383
     -16.0000      149.230      8.02160      108.997      4.79357      95.2822
     -15.0000      149.340      8.15100      106.507      4.78935      93.5102
     -14.0000      152.680      8.17950      108.449      4.75312      95.6054
     -13.0000      157.370      8.02250      112.457      4.70769      99.3371
     -12.0000      160.850      7.94290      115.295      4.66549      102.354
     -11.0000      163.720      7.91150      117.094      4.63176      105.254
     -10.0000      164.650      7.76650      117.798      4.55734      107.080
     -9.00000      157.650      7.46080      114.078      4.44245      103.637
     -8.00000      148.130      7.18210      108.324      4.29948      97.7481
     -7.00000      145.800      7.16760      106.196      4.19969      96.5001
     -6.00000      149.610      7.43320      106.263      4.18109      97.8786
     -5.00000      151.740      7.74630      106.021      4.21405      98.1844
     -4.00000      150.670      7.93250      103.878      4.27370      96.0135
     -3.00000      150.250      8.09770      102.320      4.31916      94.1630
     -2.00000      153.640      8.26440      104.496      4.39850      96.1955
     -1.00000      159.810      8.42360      109.166      4.50452      100.989
      0.00000      170.330      8.74810      115.604      4.58827      107.838
      1.00000      184.860      9.07940      122.373      4.64825      115.250
      2.00000      194.700      9.15030      126.894      4.65670      119.958
      3.00000      197.690      9.16650      128.449      4.62491      121.574
      4.00000      191.270      8.92090      126.869      4.58931      119.570
      5.00000      178.560      8.52360      123.344      4.60292      114.844
      6.00000      165.870      8.36070      119.492      4.70943      109.084
      7.00000      152.740      8.46270      113.496      4.90269      100.042
      8.00000      137.430      8.70760      102.987      5.13063      86.0777
      9.00000      124.010      8.67080      92.3204      5.30475      72.7127
      10.0000      117.520      8.36560      88.7156      5.39362      67.1727
      11.0000      116.990      7.99180      91.0050      5.29847      68.7039
      12.0000      118.960      7.62590      93.7821      5.01108      72.5936
      13.0000      120.290      7.32110      94.3769      4.71152      75.5967
      14.0000      120.010      7.13690      93.1654      4.50487      76.8957
      15.0000      118.100      7.02570      90.6137      4.39967      76.2673
      16.0000      113.930      7.00820      86.5085      4.35495      73.2496
      17.0000      111.520      7.15320      83.2737      4.32122      71.4719
      18.0000      112.090      7.28670      82.5278      4.31221      71.4543
      19.0000      115.300      7.46940      84.3610      4.37453      73.4729
      20.0000      123.180      7.91460      89.2923      4.52537      78.5800
      21.0000      132.810      8.36680      94.1834      4.69008      83.7131
      22.0000      142.380      8.55860      99.5214      4.80461      89.2841
      23.0000      150.410      8.69310      103.971      4.85046      93.9867
      24.0000      155.080      8.96030      105.282      4.90925      95.1658
      25.0000      157.240      9.27280      105.442      5.00678      94.8026
      26.0000      158.130      9.36470      104.796      5.04460      95.3858
      27.0000      159.810      9.37390      104.920      5.02295      95.6919
      28.0000      162.610      9.37910      106.546      4.97643      97.5375
      29.0000      163.280      9.32090      107.414      4.94348      99.5225
      30.0000      163.060      9.22680      107.874      4.95657      100.941
      31.0000      161.300      9.11970      108.397      5.02203      101.214
      32.0000      160.000      9.17410      107.943      5.10196      99.9141
      33.0000      158.670      9.18340      106.849      5.15145      97.6428
      34.0000      158.370      9.18640      107.205      5.19313      97.1766
      35.0000      159.030      9.17370      109.967      5.19182      99.4185
      36.0000      158.570      8.93020      112.825      5.14932      103.160
      37.0000      156.310      8.62820      112.779      5.07873      103.029
      38.0000      155.940      8.52160      111.294      5.00630      101.236
      39.0000      159.240      8.71180      112.302      5.02078      102.643
      40.0000      161.080      8.80880      112.753      5.02878      103.713
Cloud top pressures (units are bars)
Latitude (centric), two-way_0.5, two-way_0.3,two-way_0.2,two-way_0.05,FIT p_cloud, FIT p_cloud_err, HILL p_cloud, NEMESIS jacobian
     -40.0000     0.298791     0.781949      1.04752      1.88717      2.08883
    0.0447639      1.89575      1.91950
     -39.0000     0.271436     0.755579      1.01836      1.83548      2.07324
    0.0440817      1.88400      1.91950
     -38.0000     0.255354     0.734726      1.00002      1.81023      2.09437
    0.0438134      1.90979      1.91950
     -37.0000     0.273087     0.770955      1.04469      1.91013      2.12934
    0.0446356      1.94705      1.91950
     -36.0000     0.275934     0.786538      1.07217      1.98926      2.17232
    0.0454646      1.98526      1.91950
     -35.0000     0.256769     0.770499      1.06555      2.01348      2.22892
    0.0460307      2.03881      1.91950
     -34.0000     0.252793     0.774140      1.07835      2.06199      2.28211
    0.0464126      2.08958      1.91950
     -33.0000     0.243892     0.757425      1.05743      2.01723      2.32194
    0.0456049      2.11376      1.91950
     -32.0000     0.241479     0.733522      1.02613      1.93789      2.30884
    0.0442186      2.08491      1.91950
     -31.0000     0.242194     0.715091     0.978559      1.77520      2.22792
    0.0422438      2.00320      1.91950
     -30.0000     0.244544     0.709198     0.944448      1.62819      2.13669
    0.0407214      1.91437      1.91950
     -29.0000     0.253880     0.718793     0.940622      1.57688      2.06181
    0.0399859      1.83980      1.91950
     -28.0000     0.256298     0.716306     0.930575      1.53862      2.02277
    0.0394870      1.80266      1.91950
     -27.0000     0.259409     0.713611     0.927919      1.53806      2.02217
    0.0393604      1.80188      1.91950
     -26.0000     0.257549     0.702559     0.923771      1.56200      2.03538
    0.0395172      1.81767      1.91950
     -25.0000     0.250917     0.691367     0.912848      1.54945      2.04845
    0.0393989      1.82046      1.91950
     -24.0000     0.245878     0.685535     0.899477      1.49985      2.05315
    0.0388756      1.80629      1.91950
     -23.0000     0.243630     0.675039     0.886532      1.47317      2.06124
    0.0384439      1.81146      1.91950
     -22.0000     0.244542     0.675297     0.890471      1.49580      2.08433
    0.0384092      1.83193      1.91950
     -21.0000     0.240342     0.664654     0.882739      1.49444      2.11540
    0.0385927      1.86731      1.91950
     -20.0000     0.235799     0.662528     0.893404      1.55222      2.17912
    0.0396751      1.94729      1.91950
     -19.0000     0.235533     0.688269     0.950715      1.73492      2.27996
    0.0419170      2.06349      1.91950
     -18.0000     0.237444     0.725799      1.02791      1.97018      2.37727
    0.0445509      2.17570      1.91950
     -17.0000     0.238521     0.736505      1.05156      2.05845      2.38214
    0.0455998      2.20793      1.91950
     -16.0000     0.241280     0.729199      1.02340      1.94038      2.27570
    0.0442426      2.13568      1.91950
     -15.0000     0.244942     0.718414     0.982985      1.78828      2.16428
    0.0421696      2.03554      1.91950
     -14.0000     0.243528     0.696270     0.958469      1.76064      2.15605
    0.0414869      2.02311      1.91950
     -13.0000     0.241211     0.693498     0.981685      1.88177      2.23061
    0.0421932      2.08963      1.91950
     -12.0000     0.238073     0.689887     0.995496      1.95846      2.29365
    0.0427480      2.14165      1.91950
     -11.0000     0.238741     0.697731      1.01268      2.01550      2.32757
    0.0428416      2.15016      1.91950
     -10.0000     0.243305     0.726657      1.04449      2.07239      2.36360
    0.0426842      2.15857      1.91950
     -9.00000     0.244596     0.738363      1.05503      2.08176      2.38575
    0.0423568      2.16713      1.91950
     -8.00000     0.244589     0.738651      1.04742      2.04156      2.40565
    0.0418667      2.16768      1.91950
     -7.00000     0.242980     0.719434      1.01353      1.93212      2.40233
    0.0409671      2.14078      1.91950
     -6.00000     0.241597     0.694045     0.961592      1.78377      2.35144
    0.0398250      2.07891      1.91950
     -5.00000     0.239660     0.675598     0.919260      1.63883      2.29051
    0.0390517      2.02443      1.91950
     -4.00000     0.237966     0.661482     0.897443      1.58506      2.24133
    0.0389189      1.98656      1.91950
     -3.00000     0.233375     0.627679     0.869906      1.55508      2.22415
    0.0391825      1.97512      1.91950
     -2.00000     0.230461     0.601094     0.853257      1.58738      2.22426
    0.0397300      1.98209      1.91950
     -1.00000     0.225718     0.567986     0.835067      1.64013      2.22535
    0.0402974      1.98962      1.91950
      0.00000     0.223355     0.552064     0.825361      1.65368      2.23786
    0.0406738      2.00317      1.91950
      1.00000     0.224486     0.563854     0.840603      1.68168      2.25984
    0.0409603      2.02285      1.91950
      2.00000     0.223553     0.567457     0.850094      1.70779      2.29075
    0.0411931      2.05708      1.91950
      3.00000     0.227799     0.599644     0.884382      1.74964      2.32637
    0.0414303      2.09216      1.91950
      4.00000     0.228066     0.608421     0.906065      1.83117      2.37011
    0.0420919      2.13465      1.91950
      5.00000     0.221865     0.586040     0.920440      1.99035      2.43191
    0.0437571      2.19384      1.91950
      6.00000     0.219159     0.590097     0.972504      2.22754      2.49263
    0.0463892      2.25473      1.91950
      7.00000     0.222745     0.633043      1.04170      2.41166      2.49139
    0.0490626      2.28031      1.91950
      8.00000     0.234935     0.705994      1.09834      2.41666      2.40450
    0.0509189      2.25502      1.91950
      9.00000     0.241992     0.733894      1.10106      2.32736      2.29016
    0.0515615      2.22640      1.91950
      10.0000     0.238834     0.720164      1.08108      2.27714      2.22313
    0.0514864      2.22183      1.91950
      11.0000     0.233761     0.707690      1.08011      2.31469      2.25976
    0.0512472      2.25789      1.91950
      12.0000     0.233841     0.723762      1.10155      2.35559      2.36856
    0.0504257      2.30787      1.91950
      13.0000     0.238589     0.760845      1.11888      2.30169      2.44963
    0.0487738      2.31410      1.91950
      14.0000     0.242331     0.775866      1.10192      2.16088      2.45785
    0.0466734      2.26341      1.91950
      15.0000     0.243191     0.756742      1.05200      1.98955      2.38542
    0.0442477      2.16184      1.91950
      16.0000     0.242416     0.716136     0.977457      1.76495      2.25724
    0.0415920      2.02520      1.91950
      17.0000     0.242421     0.689956     0.918325      1.57315      2.15570
    0.0395009      1.91445      1.91950
      18.0000     0.242945     0.675446     0.894312      1.51279      2.11867
    0.0387031      1.86471      1.91950
      19.0000     0.243194     0.669446     0.887365      1.50359      2.09518
    0.0386262      1.83163      1.91950
      20.0000     0.246154     0.676823     0.892756      1.50378      2.05554
    0.0387572      1.79424      1.91950
      21.0000     0.258380     0.689127     0.901506      1.50404      2.00649
    0.0387927      1.75878      1.91950
      22.0000     0.274413     0.707008     0.921026      1.54006      1.98778
    0.0389557      1.75324      1.91950
      23.0000     0.275451     0.707744     0.927000      1.56805      2.00173
    0.0392671      1.77151      1.91950
      24.0000     0.271051     0.696865     0.913956      1.54523      1.98712
    0.0393600      1.76947      1.91950
      25.0000     0.270552     0.693531     0.901820      1.49382      1.94202
    0.0392240      1.75690      1.91950
      26.0000     0.265685     0.688206     0.894033      1.47253      1.92387
    0.0392241      1.76335      1.91950
      27.0000     0.270919     0.700895     0.908162      1.49538      1.94826
    0.0395470      1.78783      1.91950
      28.0000     0.274651     0.713507     0.922943      1.52182      1.99196
    0.0399099      1.82050      1.91950
      29.0000     0.272589     0.711845     0.928394      1.55587      2.02935
    0.0402986      1.83700      1.91950
      30.0000     0.275418     0.717864     0.946142      1.62296      2.06392
    0.0410582      1.85377      1.91950
      31.0000     0.280761     0.735095     0.978393      1.71873      2.09132
    0.0421527      1.88671      1.91950
      32.0000     0.318295     0.772070      1.01691      1.77284      2.10251
    0.0431346      1.91275      1.91950
      33.0000     0.332384     0.789899      1.04065      1.82509      2.12474
    0.0441801      1.94795      1.91950
      34.0000     0.340252     0.807695      1.07104      1.91077      2.17045
    0.0455052      1.98943      1.91950
      35.0000     0.358664     0.831054      1.10373      1.98766      2.23101
    0.0464574      2.01603      1.91950
      36.0000     0.329514     0.820952      1.11399      2.07358      2.27873
    0.0467662      2.03419      1.91950
      37.0000     0.273637     0.782449      1.09550      2.12255      2.30760
    0.0467578      2.05458      1.91950
      38.0000     0.263963     0.773025      1.09048      2.13201      2.33683
    0.0468625      2.07653      1.91950
      39.0000     0.281523     0.803416      1.10696      2.09780      2.34637
    0.0470379      2.07787      1.91950
      40.0000     0.299847     0.826486      1.12559      2.10202      2.37110
    0.0475509      2.10249      1.91950
