Equivalent widths of CH4 and NH3 as function of airmass
along equator. Units are nm
Number of locations =          551
Airmass,   W_CH4,  W_NH3
      8.65501      1.61841     0.161646
      5.73527      1.63464     0.157854
      6.16959      1.47986     0.187085
      6.71605      1.50772     0.104112
      7.43010      1.43418     0.131961
      8.41371      1.55699     0.186242
      9.88001      1.52196     0.168141
      4.57157      1.66513     0.277188
      4.78396      1.61886     0.248547
      5.02949      1.49352     0.169668
      5.31732      1.57470     0.218453
      5.66052      1.64539     0.176534
      6.07848      1.56524     0.169652
      6.60147      1.55296     0.223112
      7.27974      1.60240     0.150768
      8.20414      1.59359     0.129492
      9.55961      1.54851     0.150949
      3.91837      1.72656     0.243064
      4.04749      1.75748     0.229136
      4.19115      1.64069     0.269436
      4.35211      1.64956     0.280987
      4.53397      1.65028     0.273936
      4.74142      1.56919     0.176492
      4.98074      1.71455     0.188890
      5.26061      1.54338     0.212224
      5.59331      1.59950     0.198267
      5.99697      1.60869     0.143830
      6.49959      1.55886     0.216682
      7.14717      1.61617     0.275730
      8.02158      1.63515     0.259679
      3.49213      1.68259     0.341879
      3.58006      1.74003     0.349739
      3.67579      1.71821     0.303063
      3.78045      1.63281     0.261433
      3.89544      1.67294     0.271457
      4.02245      1.71083     0.305968
      4.16362      1.65361     0.312977
      4.32162      1.61904     0.259940
      4.49989      1.57431     0.269333
      4.70293      1.57916     0.250184
      4.93675      1.59331     0.288773
      5.20958      1.50605     0.165102
      5.53303      1.52351     0.231858
      3.18924      1.85390     0.382839
      3.25341      1.86943     0.367290
      3.32231      1.82020     0.299828
      3.39650      1.74097     0.300170
      3.47664      1.67465     0.307151
      3.56349      1.73511     0.341499
      3.65800      1.59384     0.299335
      3.76126      1.68184     0.279631
      3.87463      1.63097     0.299689
      3.99975      1.73990     0.313893
      4.13870      1.66965     0.277877
      4.29405      1.61434     0.266657
      4.46913      1.57644     0.260923
      2.91576      1.86917     0.420058
      2.96195      1.88779     0.410970
      3.01098      1.78738     0.370071
      3.06314      1.74948     0.370566
      3.11873      1.79924     0.366513
      3.17810      1.82584     0.330631
      3.24166      1.79642     0.337448
      3.30988      1.74522     0.313283
      3.38331      1.72179     0.325399
      3.46260      1.64480     0.302315
      3.54850      1.74009     0.315600
      3.64191      1.60459     0.304794
      3.74392      1.70085     0.273766
      3.85585      1.63216     0.350019
      2.74819      1.98999     0.469069
      2.78488      1.92928     0.469025
      2.82359      1.90570     0.437167
      2.86448      1.88637     0.416690
      2.90775      1.87416     0.412540
      2.95360      1.84305     0.411654
      3.00227      1.79007     0.384877
      3.05402      1.80811     0.377489
      3.10917      1.79134     0.352999
      3.16805      1.81455     0.325178
      3.23107      1.79781     0.345572
      3.29869      1.73734     0.307699
      3.37145      1.70708     0.373421
      3.44998      1.73153     0.308482
      2.58503      2.01800     0.499713
      2.61341      1.98215     0.471866
      2.64320      1.95988     0.480012
      2.67448      1.99233     0.480865
      2.70737      2.03301     0.476380
      2.74198      1.99295     0.500606
      2.77845      1.93080     0.494252
      2.81693      1.85588     0.466984
      2.85757      1.82939     0.442908
      2.90057      1.84504     0.423712
      2.94612      1.82528     0.426121
      2.99446      1.82074     0.367972
      3.04586      1.78331     0.385260
      3.10062      1.78998     0.343290
      3.15907      1.76970     0.365680
      2.47953      2.01557     0.508296
      2.50302      1.98160     0.505480
      2.52760      1.96861     0.523670
      2.55332      1.90258     0.465323
      2.58027      1.94317     0.481756
      2.60852      1.96096     0.472025
      2.63817      1.88168     0.475189
      2.66930      1.94908     0.502908
      2.70202      1.97420     0.499416
      2.73646      1.93753     0.494977
      2.77275      1.89752     0.474161
      2.81102      1.88903     0.450593
      2.85144      1.87891     0.425947
      2.89420      1.82075     0.361364
      2.37292      2.11244     0.555383
      2.39176      2.08059     0.573415
      2.41141      2.05365     0.499244
      2.43192      2.01606     0.505103
      2.45335      1.99694     0.511713
      2.47573      1.89139     0.489126
      2.49913      1.89416     0.461032
      2.52362      1.79895     0.459670
      2.54924      1.83842     0.484149
      2.57608      1.88646     0.480826
      2.60422      1.96952     0.490318
      2.63375      1.90554     0.446931
      2.66475      1.97752     0.454061
      2.69734      1.86512     0.492481
      2.73163      1.88706     0.459016
      2.28696      2.18422     0.577543
      2.30221      2.18840     0.599441
      2.31810      2.23385     0.619772
      2.33466      2.21932     0.604312
      2.35193      2.06777     0.585779
      2.36993      2.07961     0.583926
      2.38871      2.04125     0.525294
      2.40831      2.01476     0.502533
      2.42876      1.90126     0.528909
      2.45012      1.97903     0.503639
      2.47244      1.88130     0.486906
      2.49577      1.90510     0.495900
      2.52017      1.86917     0.490183
      2.54571      1.90330     0.485506
      2.57246      1.90128     0.473947
      2.22960      1.98822     0.562684
      2.24252      2.06813     0.524626
      2.25598      2.01436     0.521374
      2.27000      2.13836     0.547055
      2.28460      2.17053     0.574664
      2.29982      2.12116     0.617571
      2.31567      2.13195     0.594084
      2.33220      2.11526     0.621222
      2.34943      2.06510     0.613723
      2.36739      2.07806     0.583970
      2.38612      1.94698     0.568075
      2.40567      1.91753     0.538750
      2.42607      1.89897     0.528934
      2.44738      1.96077     0.528056
      2.46964      1.93102     0.543644
      2.17063      2.08725     0.548485
      2.18113      2.07185     0.553080
      2.19207      2.05722     0.543899
      2.20347      2.06732     0.540607
      2.21535      2.05211     0.500283
      2.22773      2.06306     0.500462
      2.24063      2.04150     0.498426
      2.25406      2.05627     0.534922
      2.26806      2.05932     0.551316
      2.28264      2.05766     0.551609
      2.29783      2.04520     0.563558
      2.31366      2.14731     0.583312
      2.33016      2.10586     0.613712
      2.34735      2.09139     0.626158
      2.36528      2.08118     0.544291
      2.12298      2.37219     0.689767
      2.13144      2.34260     0.678378
      2.14027      2.28813     0.638743
      2.14950      2.23825     0.612818
      2.15914      2.21523     0.605007
      2.16919      2.14098     0.586727
      2.17967      2.08947     0.549038
      2.19060      2.09862     0.535332
      2.20199      2.08331     0.530087
      2.21386      2.05044     0.526697
      2.22622      2.06785     0.544104
      2.23911      2.07638     0.558393
      2.25253      2.09308     0.571380
      2.26651      2.02799     0.563923
      2.28107      2.06490     0.612558
      2.08497      2.40506     0.660520
      2.09167      2.44959     0.655012
      2.09871      2.47170     0.705832
      2.10609      2.47952     0.725422
      2.11381      2.50684     0.748410
      2.12190      2.45529     0.758821
      2.13035      2.38693     0.728807
      2.13919      2.33178     0.681361
      2.14841      2.27774     0.666514
      2.15804      2.25292     0.627222
      2.16809      2.17841     0.649138
      2.17856      2.16884     0.576223
      2.18948      2.16994     0.564795
      2.20087      2.15236     0.564280
      2.21273      2.09355     0.552338
      2.22509      2.14419     0.553319
      2.05541      2.44211     0.623993
      2.06056      2.25230     0.614184
      2.06601      2.27918     0.638101
      2.07176      2.30563     0.629479
      2.07783      2.35242     0.650943
      2.08421      2.42825     0.710688
      2.09091      2.52440     0.701499
      2.09795      2.46247     0.769914
      2.10533      2.54601     0.794680
      2.11305      2.59214     0.753776
      2.12114      2.51455     0.766846
      2.12959      2.45473     0.804306
      2.13842      2.43856     0.739002
      2.14765      2.40361     0.714120
      2.15728      2.35668     0.707590
      2.16732      2.33322     0.694301
      2.03346      2.30156     0.589901
      2.03720      2.29415     0.567345
      2.04121      2.29372     0.575244
      2.04550      2.24889     0.654525
      2.05007      2.25956     0.616042
      2.05494      2.23060     0.676851
      2.06009      2.31201     0.623431
      2.06554      2.33541     0.655664
      2.07130      2.34832     0.681555
      2.07737      2.37741     0.681941
      2.08375      2.38930     0.703565
      2.09046      2.43054     0.728321
      2.09750      2.47867     0.783888
      2.10488      2.49504     0.808786
      2.11261      2.47184     0.778152
      2.12070      2.45089     0.778624
      2.01854      2.19019     0.534008
      2.02096      2.26470     0.576044
      2.02364      2.31007     0.602341
      2.02658      2.30078     0.578101
      2.02978      2.26523     0.616558
      2.03325      2.27292     0.623744
      2.03699      2.29078     0.609533
      2.04101      2.32419     0.615732
      2.04531      2.29814     0.686948
      2.04989      2.29849     0.698178
      2.05475      2.33733     0.663119
      2.05991      2.32741     0.684193
      2.06537      2.32240     0.704131
      2.07113      2.32808     0.739308
      2.07721      2.34084     0.713903
      2.08360      2.32838     0.698843
      2.01032      2.20808     0.477841
      2.01146      2.21007     0.510245
      2.01286      2.25495     0.528735
      2.01452      2.24770     0.569307
      2.01642      2.35107     0.591988
      2.01859      2.32748     0.593177
      2.02101      2.31657     0.626297
      2.02369      2.32539     0.635584
      2.02664      2.37995     0.608413
      2.02985      2.33905     0.622218
      2.03333      2.32014     0.647527
      2.03708      2.29516     0.653097
      2.04110      2.31978     0.661475
      2.04540      2.33952     0.687075
      2.04999      2.33246     0.728162
      2.05487      2.35150     0.693401
      2.00865      2.13041     0.469145
      2.00853      2.09754     0.476102
      2.00867      2.11549     0.477030
      2.00907      2.22179     0.489335
      2.00971      2.22200     0.532692
      2.01061      2.11500     0.506871
      2.01176      2.23140     0.519087
      2.01317      2.26526     0.559390
      2.01483      2.35420     0.593954
      2.01674      2.42292     0.629731
      2.01891      2.40343     0.651400
      2.02134      2.40109     0.665677
      2.02403      2.35910     0.674870
      2.02698      2.32078     0.676901
      2.03020      2.33045     0.696075
      2.03369      2.38616     0.659430
      2.01358      2.06901     0.459149
      2.01218      2.06455     0.441039
      2.01105      2.08817     0.453040
      2.01017      2.09719     0.459904
      2.00955      2.13836     0.448023
      2.00919      2.12901     0.468288
      2.00908      2.12986     0.513457
      2.00923      2.11973     0.514270
      2.00963      2.21152     0.512397
      2.01028      2.13327     0.551300
      2.01119      2.20217     0.542452
      2.01234      2.30922     0.545775
      2.01375      2.29832     0.594701
      2.01542      2.35122     0.644801
      2.01734      2.39969     0.692534
      2.01952      2.40864     0.697407
      2.02536      2.04915     0.434973
      2.02262      2.04835     0.431589
      2.02015      2.04514     0.459115
      2.01796      2.03132     0.454996
      2.01604      2.07319     0.467865
      2.01438      2.10536     0.485210
      2.01299      2.08376     0.488503
      2.01186      2.06797     0.489898
      2.01099      2.12123     0.490118
      2.01038      2.16837     0.516780
      2.01002      2.16354     0.531865
      2.00992      2.16006     0.547789
      2.01007      2.16621     0.584006
      2.01047      2.20300     0.553247
      2.01113      2.23240     0.539576
      2.01204      2.26309     0.577463
      2.04449      2.09262     0.514112
      2.04029      2.13661     0.486240
      2.03639      2.15139     0.486118
      2.03279      2.09237     0.468132
      2.02948      2.07810     0.484473
      2.02645      2.08648     0.460042
      2.02371      2.10059     0.468450
      2.02125      2.06186     0.516877
      2.01905      2.08626     0.460640
      2.01713      2.15152     0.492345
      2.01548      2.17384     0.549004
      2.01409      2.14235     0.537497
      2.01296      2.12302     0.524944
      2.01209      2.14755     0.556980
      2.01148      2.17168     0.539410
      2.01113      2.15827     0.564644
      2.07789      2.14473     0.524581
      2.07171      2.19381     0.532724
      2.06588      2.18517     0.555429
      2.06039      2.15665     0.538232
      2.05524      2.14544     0.534518
      2.05041      2.12716     0.510128
      2.04589      2.11878     0.532457
      2.04169      2.14547     0.508736
      2.03778      2.11483     0.515319
      2.03418      2.10461     0.529667
      2.03086      2.05754     0.515203
      2.02784      2.07580     0.502352
      2.02509      2.13585     0.531974
      2.02263      2.17940     0.581704
      2.02044      2.22770     0.526428
      2.01852      2.19560     0.538659
      2.01686      2.20728     0.592284
      2.11624      2.17429     0.566886
      2.10814      2.16141     0.593928
      2.10043      2.21059     0.594144
      2.09313      2.21292     0.624370
      2.08621      2.22472     0.600704
      2.07965      2.19600     0.572014
      2.07346      2.18659     0.569672
      2.06763      2.15490     0.604233
      2.06213      2.15649     0.599918
      2.05696      2.18419     0.582576
      2.05212      2.16466     0.554931
      2.04760      2.16401     0.552300
      2.04339      2.14307     0.569513
      2.03948      2.15641     0.578672
      2.03587      2.08147     0.573750
      2.03255      2.14277     0.571059
      2.02952      2.16488     0.559243
      2.16579      2.08345     0.527506
      2.15537      2.10943     0.549860
      2.14544      2.10014     0.591873
      2.13599      2.14610     0.546046
      2.12699      2.14555     0.569629
      2.11844      2.16229     0.555611
      2.11031      2.17599     0.597330
      2.10258      2.16586     0.615463
      2.09526      2.22179     0.626156
      2.08832      2.29075     0.632025
      2.08175      2.15258     0.627209
      2.07554      2.15010     0.611659
      2.06969      2.19626     0.592710
      2.06418      2.15623     0.595581
      2.05900      2.13930     0.596739
      2.05415      2.18393     0.586600
      2.04962      2.21316     0.586125
      2.24291      2.04997     0.526439
      2.22899      2.02223     0.533780
      2.21571      2.01559     0.522091
      2.20305      1.95834     0.566863
      2.19098      1.99025     0.548485
      2.17947      2.03538     0.544588
      2.16849      2.04276     0.548230
      2.15804      2.08908     0.577203
      2.14808      2.08297     0.593631
      2.13859      2.15381     0.575092
      2.12956      2.12575     0.585621
      2.12098      2.13776     0.583483
      2.11282      2.11056     0.601547
      2.10507      2.09906     0.631837
      2.09772      2.12912     0.637496
      2.09076      2.10091     0.628714
      2.08417      2.11822     0.619291
      2.07795      2.10006     0.632656
      2.32728      1.99096     0.453954
      2.30948      2.00194     0.454920
      2.29253      1.99142     0.494444
      2.27638      1.99235     0.496508
      2.26099      2.04745     0.470938
      2.24632      1.95719     0.494686
      2.23234      2.01497     0.510484
      2.21900      1.97717     0.533974
      2.20628      1.96810     0.514841
      2.19416      1.96702     0.534126
      2.18260      1.97847     0.517702
      2.17158      2.02669     0.563513
      2.16108      2.04557     0.579693
      2.15108      2.02694     0.563235
      2.14155      2.11963     0.616626
      2.13249      2.04784     0.604349
      2.12387      2.03662     0.587388
      2.46011      1.93087     0.421241
      2.43582      1.92964     0.405343
      2.41278      1.98243     0.412417
      2.39090      1.96863     0.424608
      2.37012      2.01051     0.424264
      2.35035      1.93589     0.446019
      2.33155      1.99944     0.474008
      2.31366      2.01734     0.490157
      2.29662      2.02152     0.492706
      2.28038      1.99582     0.526819
      2.26491      1.98652     0.480081
      2.25016      2.02816     0.500370
      2.23610      1.98414     0.523761
      2.22270      1.99378     0.532986
      2.20992      2.15456     0.536428
      2.19774      2.00797     0.528503
      2.18612      2.01561     0.534998
      2.17505      2.00527     0.550249
      2.64501      1.97003     0.601226
      2.61061      1.99560     0.421978
      2.57822      2.01770     0.451167
      2.54767      2.01551     0.416247
      2.51883      2.04070     0.421003
      2.49156      1.90355     0.417433
      2.46574      1.92430     0.402923
      2.44128      1.93515     0.418783
      2.41808      1.97506     0.403334
      2.39606      1.94155     0.398895
      2.37513      1.95181     0.406434
      2.35524      1.96221     0.499074
      2.33632      2.00815     0.499754
      2.31831      2.00628     0.512532
      2.30117      2.00160     0.541178
      2.28483      2.02697     0.510734
      2.26927      1.98432     0.506946
      2.25444      1.99297     0.542339
      2.91671      1.91283     0.330094
      2.86464      1.87680     0.328810
      2.81627      1.89911     0.397949
      2.77121      1.91336     0.386235
      2.72913      1.99314     0.379212
      2.68973      1.96333     0.387331
      2.65279      1.94906     0.436415
      2.61807      1.98907     0.429388
      2.58539      1.98001     0.407407
      2.55458      1.97943     0.391153
      2.52549      1.93936     0.412005
      2.49800      1.95214     0.393310
      2.47198      1.91479     0.381300
      2.44732      1.93195     0.413183
      2.42395      1.93432     0.389042
      2.40176      1.88055     0.473530
      2.38068      1.89789     0.467508
      2.36065      1.98237     0.491244
      2.34159      2.02738     0.515293
      3.45606      1.67717     0.241600
      3.35711      1.68456     0.253942
      3.26809      1.68885     0.292154
      3.18748      1.67508     0.289992
      3.11409      1.74128     0.290949
      3.04693      1.77118     0.294570
      2.98521      1.84136     0.329246
      2.92827      1.85665     0.323584
      2.87556      1.90215     0.417026
      2.82662      1.86964     0.387722
      2.78104      1.87405     0.409031
      2.73849      1.95415     0.431271
      2.69867      2.03277     0.479855
      2.66134      2.02528     0.460325
      2.62628      2.01867     0.445865
      2.59328      2.01224     0.443331
      2.56217      1.99684     0.440121
      2.53282      1.96151     0.457995
      2.50508      1.95573     0.429711
      2.47883      1.91151     0.410888
      4.76779      1.62234     0.186088
      4.47329      1.65078     0.205446
      4.23404      1.62901     0.204797
      4.03464      1.65630     0.263576
      3.86515      1.59903     0.190680
      3.71880      1.59460     0.238061
      3.59081      1.62958     0.206105
      3.47768      1.64387     0.235442
      3.37680      1.65593     0.207570
      3.28614      1.67417     0.314678
      3.20414      1.71688     0.252720
      3.12954      1.75249     0.333157
      3.06134      1.80276     0.335136
      2.99871      1.83609     0.351917
      2.94096      1.84357     0.390745
      2.88754      1.96774     0.409046
      2.83795      1.94091     0.412083
      2.79180      1.94598     0.448995
      2.74874      1.99410     0.459540
      2.70846      2.03222     0.530682
      2.67071      1.64010     0.572501
      7.88444      1.82315     0.124078
      6.54721      1.66800    0.0920608
      5.76295      1.77814     0.134363
      5.22918      1.65562     0.101504
      4.83471      1.62864     0.133667
      4.52745      1.65792     0.213813
      4.27922      1.66795     0.185439
      4.07320      1.67677     0.187203
      3.89866      1.58814     0.267467
      3.74835      1.61181     0.230840
      3.61718      1.65016     0.251090
      3.50145      1.60163     0.276904
      3.39841      1.63945     0.279284
      3.30593      1.58439     0.281810
      3.22238      1.65241     0.294790
      3.14646      1.72047     0.347549
      3.07710      1.73160     0.419720
      3.01346      1.85045     0.386348
      2.95482      1.85782     0.387123
      8.28986      2.18784     0.123607
      6.75772      1.82146     0.130831
      5.89877      1.71454     0.215826
      5.32694      1.66475     0.200639
      4.90989      1.61927     0.193209
      4.58789      1.69341     0.203414
      4.32939      1.61326     0.223190
      4.11587      1.60403     0.276489
      3.93562      1.63103     0.221565
      3.78086      1.66113     0.252594
      3.64613      1.67192     0.300207
      3.52750      1.69751     0.295050
      3.42206      1.69866     0.227207
      8.81134      1.86479    0.0992493
      7.00918      1.58320     0.158200
      6.05595      1.61518     0.183892
      5.43811      1.74765     0.174588
      4.99443      1.75359     0.190797
