Sample Earth_transmission, solar, jupiter and saturn disc-averaged spectra
Radiance units are W cm-2 sr-1 micron-1
Number of wavelengths =          331
Wavelength (nm), Earth_transmission, Solar radiance (at 5.2 AU), Jupiter radiance, Saturn radiance
      390.000     0.932302   0.00443737  0.000475575  9.06050e-05
      391.000     0.932999   0.00463417  0.000491508  9.39833e-05
      392.000     0.933684   0.00418098  0.000448762  8.59281e-05
      393.000     0.934356   0.00326421  0.000366070  6.96478e-05
      394.000     0.935016   0.00319940  0.000349210  6.68224e-05
      395.000     0.935669   0.00401143  0.000436176  8.38401e-05
      396.000     0.936319   0.00397542  0.000438087  8.44710e-05
      397.000     0.936965   0.00372611  0.000420815  8.07879e-05
      398.000     0.937605   0.00464354  0.000507427  9.80032e-05
      399.000     0.938216   0.00579225  0.000633322  0.000122580
      400.000     0.938754   0.00628447  0.000691942  0.000134254
      401.000     0.939405   0.00646054  0.000711628  0.000138969
      402.000     0.940028   0.00656439  0.000722970  0.000141423
      403.000     0.940633   0.00649097  0.000722312  0.000141727
      404.000     0.941226   0.00638260  0.000715139  0.000140733
      405.000     0.941813   0.00624021  0.000703164  0.000138903
      406.000     0.942377   0.00610002  0.000689496  0.000137003
      407.000     0.942920   0.00611167  0.000695102  0.000138403
      408.000     0.943450   0.00630532  0.000720328  0.000143839
      409.000     0.943978   0.00636161  0.000726555  0.000145457
      410.000     0.944513   0.00618253  0.000714960  0.000143515
      411.000     0.945059   0.00634439  0.000731780  0.000147761
      412.000     0.945608   0.00662915  0.000770829  0.000156158
      413.000     0.946147   0.00663371  0.000776004  0.000158132
      414.000     0.946665   0.00660465  0.000776599  0.000158793
      415.000     0.947154   0.00660969  0.000783083  0.000160774
      416.000     0.947605   0.00663761  0.000783855  0.000162055
      417.000     0.948077   0.00658404  0.000785909  0.000162818
      418.000     0.948571   0.00648240  0.000777287  0.000161851
      419.000     0.949077   0.00645114  0.000776618  0.000162362
      420.000     0.949579   0.00652273  0.000790636  0.000166217
      421.000     0.950036   0.00668719  0.000808232  0.000170887
      422.000     0.950457   0.00663227  0.000808558  0.000171475
      423.000     0.950853   0.00643870  0.000790402  0.000168468
      424.000     0.951239   0.00643323  0.000787978  0.000168967
      425.000     0.951628   0.00644527  0.000795708  0.000171219
      426.000     0.952064   0.00636132  0.000788080  0.000170415
      427.000     0.952532   0.00626592  0.000784129  0.000169859
      428.000     0.953011   0.00617188  0.000770898  0.000168107
      429.000     0.953482   0.00577330  0.000724782  0.000158594
      430.000     0.953921   0.00516622  0.000659099  0.000144558
      431.000     0.954283   0.00534820  0.000680884  0.000150484
      432.000     0.954626   0.00617066  0.000780173  0.000173488
      433.000     0.954985   0.00643541  0.000812312  0.000181514
      434.000     0.955377   0.00632800  0.000806512  0.000180808
      435.000     0.955804   0.00661028  0.000842630  0.000190269
      436.000     0.956216   0.00697123  0.000890489  0.000202112
      437.000     0.956573   0.00692977  0.000888054  0.000202164
      438.000     0.956859   0.00665217  0.000860955  0.000196541
      439.000     0.957077   0.00659403  0.000855111  0.000196585
      440.000     0.957245   0.00679370  0.000882085  0.000203639
      441.000     0.957304   0.00706603  0.000915081  0.000212072
      442.000     0.957176   0.00731735  0.000949143  0.000221219
      443.000     0.957220   0.00741261  0.000972120  0.000226822
      444.000     0.957605   0.00742524  0.000970937  0.000227738
      445.000     0.958307   0.00730087  0.000961059  0.000226253
      446.000     0.958902   0.00715122  0.000946714  0.000223835
      447.000     0.959446   0.00731785  0.000969703  0.000230168
      448.000     0.959904   0.00752114   0.00100239  0.000238713
      449.000     0.960256   0.00758439   0.00101155  0.000241844
      450.000     0.960496   0.00773723   0.00103365  0.000247785
      451.000     0.960780   0.00784889   0.00105207  0.000252821
      452.000     0.961106   0.00766363   0.00103114  0.000248571
      453.000     0.961457   0.00741808   0.00100625  0.000243579
      454.000     0.961792   0.00742822   0.00100419  0.000243982
      455.000     0.962050   0.00756108   0.00102841  0.000250581
      456.000     0.962164   0.00770956   0.00104959  0.000256678
      457.000     0.962188   0.00778552   0.00106129  0.000260247
      458.000     0.962171   0.00772894   0.00106010  0.000260567
      459.000     0.962141   0.00764923   0.00105014  0.000258718
      460.000     0.962105   0.00766510   0.00105573  0.000260754
      461.000     0.962187   0.00778798   0.00107365  0.000266457
      462.000     0.962435   0.00787133   0.00108940  0.000270697
      463.000     0.962836   0.00782320   0.00108548  0.000270459
      464.000     0.963335   0.00768407   0.00107229  0.000267335
      465.000     0.963842   0.00760102   0.00106361  0.000265932
      466.000     0.964184   0.00756798   0.00105826  0.000265101
      467.000     0.964356   0.00749932   0.00105582  0.000265056
      468.000     0.964369   0.00752765   0.00105981  0.000266918
      469.000     0.964304   0.00754798   0.00106579  0.000268935
      470.000     0.964314   0.00743546   0.00105203  0.000266131
      471.000     0.964609   0.00746481   0.00105963  0.000268570
      472.000     0.964931   0.00760817   0.00107817  0.000273837
      473.000     0.965240   0.00762233   0.00108624  0.000276382
      474.000     0.965487   0.00764247   0.00109276  0.000278643
      475.000     0.965610   0.00768357   0.00109521  0.000280471
      476.000     0.965497   0.00763792   0.00109356  0.000280152
      477.000     0.965261   0.00768158   0.00110348  0.000283219
      478.000     0.964941   0.00777701   0.00111893  0.000287627
      479.000     0.964575   0.00777336   0.00112285  0.000288790
      480.000     0.964202   0.00776313   0.00112286  0.000289261
      481.000     0.963950   0.00778639   0.00112759  0.000290870
      482.000     0.963912   0.00778958   0.00112768  0.000291064
      483.000     0.964083   0.00769073   0.00111361  0.000288836
      484.000     0.964416   0.00755506   0.00109204  0.000284390
      485.000     0.964823   0.00714650   0.00102616  0.000266592
      486.000     0.965314   0.00661919  0.000956978  0.000248215
      487.000     0.965738   0.00670850  0.000980807  0.000255699
      488.000     0.965960   0.00707000   0.00103903  0.000271526
      489.000     0.965988   0.00731084   0.00108211  0.000283113
      490.000     0.965965   0.00752168   0.00111236  0.000291168
      491.000     0.966008   0.00743424   0.00110226  0.000288951
      492.000     0.966116   0.00725634   0.00108674  0.000284564
      493.000     0.966269   0.00731967   0.00109250  0.000286769
      494.000     0.966435   0.00744331   0.00111214  0.000292748
      495.000     0.966565   0.00750469   0.00112143  0.000295413
      496.000     0.966517   0.00749341   0.00112559  0.000296648
      497.000     0.966287   0.00743196   0.00111719  0.000295102
      498.000     0.965876   0.00733508   0.00110671  0.000292339
      499.000     0.965299   0.00724599   0.00109188  0.000289340
      500.000     0.964582   0.00716017   0.00108146  0.000286802
      501.000     0.963537   0.00701260   0.00106151  0.000282161
      502.000     0.961763   0.00698011   0.00105915  0.000281986
      503.000     0.959573   0.00707277   0.00107208  0.000286404
      504.000     0.957762   0.00709727   0.00107851  0.000288479
      505.000     0.957609   0.00720051   0.00109626  0.000293604
      506.000     0.958596   0.00732541   0.00111504  0.000299010
      507.000     0.959231   0.00721402   0.00109889  0.000294944
      508.000     0.960047   0.00710133   0.00108500  0.000291150
      509.000     0.961170   0.00712841   0.00108869  0.000292362
      510.000     0.962323   0.00711610   0.00109134  0.000293181
      511.000     0.963184   0.00712667   0.00109330  0.000294228
      512.000     0.963630   0.00712987   0.00109776  0.000295788
      513.000     0.963772   0.00697096   0.00107640  0.000290425
      514.000     0.963718   0.00684084   0.00106219  0.000286733
      515.000     0.963577   0.00684231   0.00106394  0.000287317
      516.000     0.963447   0.00664602   0.00103236  0.000278884
      517.000     0.963339   0.00628659  0.000989237  0.000267338
      518.000     0.963235   0.00625034  0.000980646  0.000265797
      519.000     0.963115   0.00651783   0.00102075  0.000277609
      520.000     0.962961   0.00675332   0.00105397  0.000286865
      521.000     0.962694   0.00687968   0.00107829  0.000293610
      522.000     0.962287   0.00689797   0.00107918  0.000294127
      523.000     0.961693   0.00690984   0.00108533  0.000295918
      524.000     0.960964   0.00702733   0.00110054  0.000300917
      525.000     0.960248   0.00705202   0.00110822  0.000303453
      526.000     0.959576   0.00681541   0.00107343  0.000293597
      527.000     0.958850   0.00661659   0.00105159  0.000288093
      528.000     0.958131   0.00680370   0.00107829  0.000295947
      529.000     0.957450   0.00707443   0.00111771  0.000307691
      530.000     0.956803   0.00715517   0.00113332  0.000312464
      531.000     0.956354   0.00718471   0.00113674  0.000313994
      532.000     0.956065   0.00706596   0.00111851  0.000309040
      533.000     0.955919   0.00689768   0.00109758  0.000303653
      534.000     0.955908   0.00693809   0.00110202  0.000305366
      535.000     0.956030   0.00708132   0.00112567  0.000312008
      536.000     0.956215   0.00709872   0.00112324  0.000311691
      537.000     0.956337   0.00699610   0.00110845  0.000307318
      538.000     0.956295   0.00698036   0.00110163  0.000305562
      539.000     0.955959   0.00693167   0.00109041  0.000303035
      540.000     0.955167   0.00678577   0.00105990  0.000295103
      541.000     0.953945   0.00678812   0.00104957  0.000292679
      542.000     0.953344   0.00688801   0.00104978  0.000291798
      543.000     0.953153   0.00695224   0.00106001  0.000293492
      544.000     0.953052   0.00700672   0.00107635  0.000299500
      545.000     0.952613   0.00704038   0.00110146  0.000308527
      546.000     0.952322   0.00705214   0.00112081  0.000315834
      547.000     0.952479   0.00701578   0.00112553  0.000318320
      548.000     0.952798   0.00698067   0.00112967  0.000319424
      549.000     0.953050   0.00703685   0.00113507  0.000322195
      550.000     0.953062   0.00706667   0.00112470  0.000322483
      551.000     0.953098   0.00704992   0.00112517  0.000322357
      552.000     0.953056   0.00703447   0.00112897  0.000322959
      553.000     0.952934   0.00700725   0.00111792  0.000321509
      554.000     0.952732   0.00703949   0.00113404  0.000324868
      555.000     0.952452   0.00706496   0.00114387  0.000327222
      556.000     0.952040   0.00698654   0.00113752  0.000324822
      557.000     0.951526   0.00687981   0.00112616  0.000321697
      558.000     0.950905   0.00678897   0.00111486  0.000318810
      559.000     0.950188   0.00669423   0.00110090  0.000315062
      560.000     0.949402   0.00671756   0.00110784  0.000317571
      561.000     0.948600   0.00681025   0.00112453  0.000322829
      562.000     0.947854   0.00682088   0.00112661  0.000323496
      563.000     0.947178   0.00683052   0.00113049  0.000325256
      564.000     0.946578   0.00684642   0.00113236  0.000325948
      565.000     0.946052   0.00679194   0.00112637  0.000324779
      566.000     0.945514   0.00673772   0.00111588  0.000322315
      567.000     0.944409   0.00679370   0.00112526  0.000325900
      568.000     0.942584   0.00682886   0.00112597  0.000326935
      569.000     0.940710   0.00678220   0.00111493  0.000325218
      570.000     0.940279   0.00671815   0.00110708  0.000322532
      571.000     0.940779   0.00669170   0.00110410  0.000321390
      572.000     0.940626   0.00679341   0.00111991  0.000326858
      573.000     0.940340   0.00691005   0.00113397  0.000331250
      574.000     0.940291   0.00691121   0.00113251  0.000330746
      575.000     0.940696   0.00683258   0.00111702  0.000326103
      576.000     0.941531   0.00679278   0.00111073  0.000324236
      577.000     0.942350   0.00678885   0.00111311  0.000325958
      578.000     0.943254   0.00673506   0.00110665  0.000324372
      579.000     0.944168   0.00670668   0.00110839  0.000326235
      580.000     0.944845   0.00673694   0.00111875  0.000330180
      581.000     0.945381   0.00676726   0.00112562  0.000333118
      582.000     0.945804   0.00679631   0.00113510  0.000336395
      583.000     0.946153   0.00681594   0.00113805  0.000338342
      584.000     0.946401   0.00679794   0.00113602  0.000338356
      585.000     0.946447   0.00670596   0.00111873  0.000334034
      586.000     0.945669   0.00663223   0.00110727  0.000331437
      587.000     0.942242   0.00666572   0.00111159  0.000333810
      588.000     0.934368   0.00658265   0.00109020  0.000329650
      589.000     0.924573   0.00634156   0.00104794  0.000318813
      590.000     0.919709   0.00632154   0.00104977  0.000319467
      591.000     0.922423   0.00653370   0.00108323  0.000329159
      592.000     0.924872   0.00663462   0.00109711  0.000334340
      593.000     0.925195   0.00662269   0.00109704  0.000333044
      594.000     0.923856   0.00661087   0.00109319  0.000332828
      595.000     0.923643   0.00659038   0.00108508  0.000330571
      596.000     0.928675   0.00659470   0.00108778  0.000330316
      597.000     0.931500   0.00659132   0.00108807  0.000331404
      598.000     0.933471   0.00654355   0.00108101  0.000329688
      599.000     0.935418   0.00650674   0.00107690  0.000329137
      600.000     0.937652   0.00647961   0.00107499  0.000329062
      601.000     0.939350   0.00642028   0.00106893  0.000327366
      602.000     0.940375   0.00639102   0.00106131  0.000326514
      603.000     0.941121   0.00645829   0.00106857  0.000330166
      604.000     0.941800   0.00652946   0.00108201  0.000334458
      605.000     0.942439   0.00653153   0.00108682  0.000335748
      606.000     0.943126   0.00651781   0.00107821  0.000333924
      607.000     0.943883   0.00650924   0.00107711  0.000332895
      608.000     0.944690   0.00648317   0.00107186  0.000330480
      609.000     0.945531   0.00644611   0.00106389  0.000327761
      610.000     0.946400   0.00642037   0.00105760  0.000326237
      611.000     0.947252   0.00641061   0.00104997  0.000323724
      612.000     0.948095   0.00639717   0.00103789  0.000318287
      613.000     0.948913   0.00633920   0.00100650  0.000306640
      614.000     0.949693   0.00629085  0.000967779  0.000292778
      615.000     0.950432   0.00626968  0.000945667  0.000285097
      616.000     0.951119   0.00619700  0.000915271  0.000276886
      617.000     0.951774   0.00618486  0.000898213  0.000271917
      618.000     0.952393   0.00626481  0.000862870  0.000256794
      619.000     0.952971   0.00631881  0.000851399  0.000249605
      620.000     0.953507   0.00634967  0.000860005  0.000252521
      621.000     0.953997   0.00633845  0.000881280  0.000262531
      622.000     0.954466   0.00627931  0.000900444  0.000271041
      623.000     0.954910   0.00622367  0.000924550  0.000284038
      624.000     0.955322   0.00617546  0.000951403  0.000296713
      625.000     0.955690   0.00613303  0.000968194  0.000304910
      626.000     0.955346   0.00614758  0.000988398  0.000313314
      627.000     0.947162   0.00622496   0.00101372  0.000322067
      628.000     0.939288   0.00626880   0.00101926  0.000326248
      629.000     0.937437   0.00623628   0.00102578  0.000328421
      630.000     0.944886   0.00618452   0.00102131  0.000327052
      631.000     0.949745   0.00613385   0.00101987  0.000326976
      632.000     0.953990   0.00610330   0.00101178  0.000325609
      633.000     0.956782   0.00610974   0.00101479  0.000326797
      634.000     0.958234   0.00610997   0.00101269  0.000325907
      635.000     0.959414   0.00610292   0.00101084  0.000325764
      636.000     0.960169   0.00609498   0.00100788  0.000324584
      637.000     0.960960   0.00611318   0.00101011  0.000326049
      638.000     0.961784   0.00614019   0.00101418  0.000327870
      639.000     0.962545   0.00609648   0.00100386  0.000324461
      640.000     0.963054   0.00601474  0.000987142  0.000319795
      641.000     0.963708   0.00597025  0.000978512  0.000317117
      642.000     0.964141   0.00597767  0.000969642  0.000315714
      643.000     0.964331   0.00599944  0.000955698  0.000314461
      644.000     0.964121   0.00599547  0.000922720  0.000311280
      645.000     0.963219   0.00597152  0.000905345  0.000309096
      646.000     0.958785   0.00595118  0.000935983  0.000312216
      647.000     0.951108   0.00595856  0.000920735  0.000312091
      648.000     0.945844   0.00596382  0.000910635  0.000311627
      649.000     0.946973   0.00588613  0.000917695  0.000308354
      650.000     0.956793   0.00583241  0.000921759  0.000306485
      651.000     0.955726   0.00589898  0.000938664  0.000311024
      652.000     0.954302   0.00593307  0.000952021  0.000314830
      653.000     0.956308   0.00590690  0.000955905  0.000314117
      654.000     0.960212   0.00586822  0.000950580  0.000311389
      655.000     0.959161   0.00559912  0.000908409  0.000297775
      656.000     0.959651   0.00522095  0.000842075  0.000274005
      657.000     0.962233   0.00525206  0.000856118  0.000278671
      658.000     0.965461   0.00555073  0.000901802  0.000293430
      659.000     0.968315   0.00569878  0.000924944  0.000300114
      660.000     0.970204   0.00572192  0.000930707  0.000302371
      661.000     0.971652   0.00574417  0.000933502  0.000302478
      662.000     0.972738   0.00575457  0.000931805  0.000301791
      663.000     0.973476   0.00571064  0.000919602  0.000296901
      664.000     0.973997   0.00567229  0.000913426  0.000294555
      665.000     0.974551   0.00568385  0.000914925  0.000295426
      666.000     0.975098   0.00569538  0.000908624  0.000290865
      667.000     0.975671   0.00569083  0.000906267  0.000290633
      668.000     0.976246   0.00570565  0.000912987  0.000292478
      669.000     0.976782   0.00573447  0.000919971  0.000296116
      670.000     0.977223   0.00573335  0.000927456  0.000300678
      671.000     0.977652   0.00569873  0.000931742  0.000303183
      672.000     0.978061   0.00567975  0.000934152  0.000306913
      673.000     0.978446   0.00570492  0.000948827  0.000313524
      674.000     0.978812   0.00571815  0.000953391  0.000316241
      675.000     0.979166   0.00570080  0.000956757  0.000319875
      676.000     0.979500   0.00568214  0.000960953  0.000321999
      677.000     0.979825   0.00565404  0.000953320  0.000320783
      678.000     0.980126   0.00562558  0.000952641  0.000321852
      679.000     0.980389   0.00559172  0.000942282  0.000316476
      680.000     0.980603   0.00556129  0.000930425  0.000311491
      681.000     0.980743   0.00556154  0.000931528  0.000310868
      682.000     0.980810   0.00557493  0.000920817  0.000305130
      683.000     0.980822   0.00556067  0.000914212  0.000302864
      684.000     0.980837   0.00553291  0.000914934  0.000302883
      685.000     0.980953   0.00552652  0.000913701  0.000304352
      686.000     0.906471   0.00553222  0.000920806  0.000305378
      687.000     0.845398   0.00553851  0.000911539  0.000303533
      688.000     0.823569   0.00553044  0.000924207  0.000311187
      689.000     0.837322   0.00551653  0.000917931  0.000307458
      690.000     0.853499   0.00550381  0.000918355  0.000311368
      691.000     0.899761   0.00547554  0.000905534  0.000308176
      692.000     0.923255   0.00545207  0.000901912  0.000307141
      693.000     0.928557   0.00546102  0.000891572  0.000304520
      694.000     0.925749   0.00547006  0.000889565  0.000303616
      695.000     0.930424   0.00546485  0.000889502  0.000301685
      696.000     0.948181   0.00546936  0.000879703  0.000297109
      697.000     0.963653   0.00544451  0.000867128  0.000289867
      698.000     0.966314   0.00541181  0.000858044  0.000285157
      699.000     0.956744   0.00542271  0.000840353  0.000280120
      700.000     0.946622   0.00540862  0.000818629  0.000269618
      701.000     0.950753   0.00534804  0.000798146  0.000260940
      702.000     0.954839   0.00531296  0.000777938  0.000253550
      703.000     0.958894   0.00532344  0.000788370  0.000256081
      704.000     0.962396   0.00534692  0.000791419  0.000257669
      705.000     0.964281   0.00535799  0.000791522  0.000261805
      706.000     0.967722   0.00533878  0.000810267  0.000271126
      707.000     0.971766   0.00531436  0.000805968  0.000269606
      708.000     0.974680   0.00529374  0.000815901  0.000275503
      709.000     0.976103   0.00526502  0.000820357  0.000276745
      710.000     0.977053   0.00525523  0.000816323  0.000275754
      711.000     0.978379   0.00523897  0.000827718  0.000281895
      712.000     0.979447   0.00520270  0.000823233  0.000279150
      713.000     0.978789   0.00518819  0.000818212  0.000277431
      714.000     0.975995   0.00517935  0.000824318  0.000279527
      715.000     0.971705   0.00515680  0.000807027  0.000272189
      716.000     0.940785   0.00514611  0.000772181  0.000258053
      717.000     0.886462   0.00513518  0.000726744  0.000235863
      718.000     0.833786   0.00509914  0.000675050  0.000214362
      719.000     0.801760   0.00506050  0.000631044  0.000197780
      720.000     0.803339   0.00504507  0.000571538  0.000176821
