Example MUSE Saturn reflectivity spectra
Number of wavelengths =         3682
Wavelength (nm), Centre-of-disc Reflectivity, Disc-averaged Reflectivity
      476.000     0.373963     0.313255
      477.000     0.374725     0.314495
      478.000     0.375709     0.315531
      479.000     0.376315     0.316078
      480.000     0.377199     0.316444
      481.000     0.378248     0.317059
      482.000     0.378791     0.317763
      483.000     0.378945     0.317820
      484.000     0.379853     0.317595
      485.000     0.383217     0.318991
      486.000     0.386148     0.321351
      487.000     0.386733     0.322513
      488.000     0.388493     0.323899
      489.000     0.390703     0.325955
      490.000     0.392637     0.327818
      491.000     0.396511     0.330102
      492.000     0.399543     0.331907
      493.000     0.398636     0.331953
      494.000     0.398078     0.332169
      495.000     0.400514     0.333769
      496.000     0.402864     0.335292
      497.000     0.405799     0.337434
      498.000     0.410096     0.340650
      499.000     0.415699     0.345026
      500.000     0.423358     0.350926
      501.000     0.429871     0.356490
      502.000     0.433519     0.360684
      503.000     0.436240     0.363284
      504.000     0.437225     0.363460
      505.000     0.436206     0.362681
      506.000     0.437746     0.363485
      507.000     0.441989     0.365343
      508.000     0.444533     0.366602
      509.000     0.444646     0.366828
      510.000     0.444102     0.366400
      511.000     0.445400     0.367212
      512.000     0.448074     0.369753
      513.000     0.449627     0.371902
      514.000     0.451377     0.373182
      515.000     0.454985     0.375149
      516.000     0.459856     0.378739
      517.000     0.464774     0.382440
      518.000     0.466902     0.383605
      519.000     0.465577     0.382827
      520.000     0.464787     0.382950
      521.000     0.466499     0.384112
      522.000     0.468815     0.385134
      523.000     0.468987     0.385302
      524.000     0.468493     0.385417
      525.000     0.471320     0.387055
      526.000     0.474118     0.388673
      527.000     0.473420     0.388675
      528.000     0.473753     0.388770
      529.000     0.476582     0.389645
      530.000     0.478467     0.390404
      531.000     0.479846     0.391948
      532.000     0.481472     0.393429
      533.000     0.482506     0.393612
      534.000     0.483178     0.393679
      535.000     0.484162     0.394269
      536.000     0.485245     0.394693
      537.000     0.484052     0.393637
      538.000     0.482121     0.392230
      539.000     0.481526     0.391295
      540.000     0.479070     0.389074
      541.000     0.473986     0.385067
      542.000     0.469679     0.381258
      543.000     0.469034     0.380440
      544.000     0.473276     0.383926
      545.000     0.481437     0.390408
      546.000     0.489741     0.396630
      547.000     0.494332     0.400097
      548.000     0.496378     0.401759
      549.000     0.498032     0.403045
      550.000     0.498983     0.403718
      551.000     0.501624     0.405314
      552.000     0.505267     0.407755
      553.000     0.506268     0.408798
      554.000     0.506513     0.409192
      555.000     0.508570     0.410223
      556.000     0.511160     0.411490
      557.000     0.513357     0.413016
      558.000     0.515005     0.414311
      559.000     0.515914     0.414963
      560.000     0.517800     0.416474
      561.000     0.520034     0.418178
      562.000     0.520162     0.418366
      563.000     0.520243     0.418744
      564.000     0.523090     0.420730
      565.000     0.526619     0.422631
      566.000     0.527556     0.422718
      567.000     0.527755     0.422293
      568.000     0.529114     0.422535
      569.000     0.530671     0.423636
      570.000     0.532276     0.425558
      571.000     0.532823     0.426529
      572.000     0.533121     0.426989
      573.000     0.534114     0.427693
      574.000     0.534011     0.427693
      575.000     0.533192     0.427521
      576.000     0.534064     0.428114
      577.000     0.536649     0.429732
      578.000     0.538903     0.431454
      579.000     0.541873     0.433420
      580.000     0.546963     0.436727
      581.000     0.551792     0.439922
      582.000     0.554705     0.442075
      583.000     0.556146     0.443609
      584.000     0.556821     0.444589
      585.000     0.557955     0.445787
      586.000     0.560664     0.447324
      587.000     0.562745     0.448181
      588.000     0.563819     0.449495
      589.000     0.567402     0.452246
      590.000     0.573130     0.455849
      591.000     0.576267     0.458751
      592.000     0.575132     0.458743
      593.000     0.573873     0.457554
      594.000     0.572666     0.456237
      595.000     0.570693     0.454574
      596.000     0.570045     0.453863
      597.000     0.569390     0.453973
      598.000     0.568959     0.454508
      599.000     0.571457     0.456178
      600.000     0.575487     0.458682
      601.000     0.579422     0.461511
      602.000     0.583393     0.464915
      603.000     0.586165     0.467721
      604.000     0.587189     0.469069
      605.000     0.587057     0.469311
      606.000     0.587303     0.469244
      607.000     0.588425     0.469405
      608.000     0.588725     0.469311
      609.000     0.587714     0.468735
      610.000     0.585159     0.466873
      611.000     0.578125     0.461794
      612.000     0.565198     0.452480
      613.000     0.548641     0.439213
      614.000     0.533107     0.425481
      615.000     0.521759     0.415529
      616.000     0.511933     0.408045
      617.000     0.496887     0.395802
      618.000     0.476619     0.378285
      619.000     0.464373     0.367451
      620.000     0.468024     0.369927
      621.000     0.481750     0.381434
      622.000     0.501814     0.398574
      623.000     0.527728     0.420064
      624.000     0.553272     0.440844
      625.000     0.573471     0.456401
      626.000     0.587848     0.467471
      627.000     0.595973     0.475163
      628.000     0.599698     0.478881
      629.000     0.600773     0.479135
      630.000     0.601212     0.479027
      631.000     0.603478     0.480650
      632.000     0.605870     0.482795
      633.000     0.606832     0.484478
      634.000     0.608346     0.486035
      635.000     0.611130     0.487721
      636.000     0.613006     0.488875
      637.000     0.613009     0.489164
      638.000     0.611797     0.489092
      639.000     0.609694     0.488153
      640.000     0.607435     0.486335
      641.000     0.605683     0.484743
      642.000     0.603395     0.483099
      643.000     0.599998     0.480323
      644.000     0.597512     0.477546
      645.000     0.598553     0.477949
      646.000     0.602151     0.480746
      647.000     0.603628     0.481548
      648.000     0.603382     0.481788
      649.000     0.605298     0.484499
      650.000     0.609670     0.488161
      651.000     0.613582     0.490953
      652.000     0.615781     0.492851
      653.000     0.617468     0.494355
      654.000     0.617588     0.494459
      655.000     0.618912     0.495979
      656.000     0.619334     0.495872
      657.000     0.614821     0.490354
      658.000     0.612626     0.488382
      659.000     0.613050     0.489528
      660.000     0.612491     0.489058
      661.000     0.611856     0.488113
      662.000     0.609392     0.485765
      663.000     0.605884     0.483093
      664.000     0.603415     0.481393
      665.000     0.599642     0.478994
      666.000     0.594955     0.475342
      667.000     0.593885     0.473328
      668.000     0.597009     0.474963
      669.000     0.602462     0.479356
      670.000     0.608525     0.485086
      671.000     0.614564     0.491128
      672.000     0.621516     0.497268
      673.000     0.629279     0.503492
      674.000     0.636887     0.508849
      675.000     0.642906     0.513167
      676.000     0.646464     0.516764
      677.000     0.648520     0.519144
      678.000     0.649238     0.519577
      679.000     0.646894     0.517333
      680.000     0.642784     0.513729
      681.000     0.637963     0.510018
      682.000     0.631017     0.505595
      683.000     0.626420     0.502858
      684.000     0.628586     0.504239
      685.000     0.633198     0.507606
      686.000     0.639120     0.514120
      687.000     0.649506     0.522939
      688.000     0.655945     0.525904
      689.000     0.655713     0.525561
      690.000     0.656896     0.527760
      691.000     0.656116     0.527731
      692.000     0.649115     0.522233
      693.000     0.641572     0.515912
      694.000     0.638422     0.513498
      695.000     0.635253     0.511198
      696.000     0.626904     0.504771
      697.000     0.617101     0.496824
      698.000     0.607963     0.487947
      699.000     0.594995     0.475414
      700.000     0.578975     0.461663
      701.000     0.564137     0.449694
      702.000     0.555684     0.442526
      703.000     0.556757     0.442936
      704.000     0.561890     0.446736
      705.000     0.570709     0.454314
      706.000     0.582489     0.465200
      707.000     0.592020     0.473653
      708.000     0.600272     0.480528
      709.000     0.607032     0.486277
      710.000     0.611686     0.491041
      711.000     0.614747     0.495416
      712.000     0.616115     0.497217
      713.000     0.617747     0.497553
      714.000     0.615866     0.495167
      715.000     0.602087     0.483111
      716.000     0.572735     0.457592
      717.000     0.533066     0.423188
      718.000     0.495050     0.389776
      719.000     0.460117     0.358490
      720.000     0.427530     0.329043
      721.000     0.405498     0.309727
      722.000     0.391426     0.298472
      723.000     0.373609     0.283712
      724.000     0.340279     0.256487
      725.000     0.298834     0.223136
      726.000     0.269966     0.200219
      727.000     0.258873     0.191636
      728.000     0.270137     0.199365
      729.000     0.295970     0.218454
      730.000     0.325092     0.241241
      731.000     0.360022     0.269683
      732.000     0.389179     0.294236
      733.000     0.413085     0.314818
      734.000     0.443078     0.341086
      735.000     0.474120     0.368537
      736.000     0.500984     0.392160
      737.000     0.524361     0.413171
      738.000     0.548855     0.435036
      739.000     0.573653     0.456441
      740.000     0.594624     0.474819
      741.000     0.610777     0.489159
      742.000     0.621871     0.498769
      743.000     0.629139     0.505907
      744.000     0.633083     0.510843
      745.000     0.634108     0.512687
      746.000     0.633946     0.512937
      747.000     0.633392     0.512404
      748.000     0.633082     0.512125
      749.000     0.632651     0.511561
      750.000     0.631562     0.510340
      751.000     0.631192     0.510398
      752.000     0.630846     0.510268
      753.000     0.629642     0.509290
      754.000     0.628519     0.508645
      755.000     0.627741     0.507447
      756.000     0.626160     0.504917
      757.000     0.622818     0.501447
      758.000     0.617141     0.498770
      759.000     0.621310     0.509089
      760.000     0.651430     0.531673
      761.000     0.670535     0.533678
      762.000     0.653253     0.516571
      763.000     0.641028     0.510383
      764.000     0.637843     0.506882
      765.000     0.625956     0.496296
      766.000     0.611144     0.484330
      767.000     0.598869     0.475213
      768.000     0.595525     0.474279
      769.000     0.594858     0.474804
      770.000     0.591738     0.472222
      771.000     0.590023     0.470318
      772.000     0.585028     0.465310
      773.000     0.575272     0.457031
      774.000     0.570186     0.453123
      775.000     0.567763     0.451082
      776.000     0.561158     0.445788
      777.000     0.552733     0.438936
      778.000     0.543519     0.430720
      779.000     0.529051     0.417736
      780.000     0.505060     0.396698
      781.000     0.483230     0.377407
      782.000     0.472977     0.368707
      783.000     0.462704     0.360117
      784.000     0.461850     0.358297
      785.000     0.476734     0.370527
      786.000     0.483630     0.376657
      787.000     0.485771     0.377604
      788.000     0.493994     0.383848
      789.000     0.500867     0.389970
      790.000     0.501895     0.391565
      791.000     0.494653     0.386069
      792.000     0.479691     0.373654
      793.000     0.466971     0.362917
      794.000     0.459533     0.356374
      795.000     0.450768     0.348438
      796.000     0.441811     0.340646
      797.000     0.434925     0.335098
      798.000     0.433737     0.334117
      799.000     0.439572     0.338662
      800.000     0.449745     0.346853
      801.000     0.460476     0.355726
      802.000     0.469870     0.363859
      803.000     0.480157     0.373024
      804.000     0.491006     0.382769
      805.000     0.503211     0.393371
      806.000     0.517329     0.405453
      807.000     0.531243     0.417320
      808.000     0.539369     0.424258
      809.000     0.541794     0.426322
      810.000     0.545300     0.429095
      811.000     0.552572     0.435435
      812.000     0.563016     0.444502
      813.000     0.574458     0.454472
      814.000     0.584334     0.463334
      815.000     0.591133     0.469184
      816.000     0.596449     0.473682
      817.000     0.599951     0.477257
      818.000     0.601859     0.480123
      819.000     0.607026     0.484759
      820.000     0.615151     0.490164
      821.000     0.619526     0.493582
      822.000     0.622753     0.497690
      823.000     0.627105     0.501667
      824.000     0.626040     0.501158
      825.000     0.624083     0.500532
      826.000     0.625621     0.502277
      827.000     0.626528     0.503616
      828.000     0.628190     0.504753
      829.000     0.630334     0.505749
      830.000     0.629749     0.505769
      831.000     0.630602     0.506761
      832.000     0.631135     0.506531
      833.000     0.623066     0.499393
      834.000     0.605737     0.484321
      835.000     0.581799     0.462991
      836.000     0.555477     0.439662
      837.000     0.527196     0.415455
      838.000     0.498003     0.390565
      839.000     0.484839     0.379563
      840.000     0.479598     0.376504
      841.000     0.465447     0.364073
      842.000     0.475602     0.370231
      843.000     0.503478     0.393264
      844.000     0.512903     0.401474
      845.000     0.526010     0.412765
      846.000     0.546827     0.431525
      847.000     0.554983     0.439421
      848.000     0.559667     0.444343
      849.000     0.564914     0.449555
      850.000     0.561735     0.446290
      851.000     0.553498     0.437502
      852.000     0.540827     0.425100
      853.000     0.523087     0.410347
      854.000     0.500347     0.390908
      855.000     0.469450     0.362762
      856.000     0.433458     0.332381
      857.000     0.394203     0.300290
      858.000     0.362858     0.273299
      859.000     0.340381     0.254022
      860.000     0.310855     0.229820
      861.000     0.275325     0.201480
      862.000     0.249762     0.181845
      863.000     0.241797     0.175832
      864.000     0.243569     0.177169
      865.000     0.252146     0.184579
      866.000     0.265962     0.195941
      867.000     0.287509     0.212101
      868.000     0.320488     0.237655
      869.000     0.348871     0.260219
      870.000     0.368656     0.276150
      871.000     0.392141     0.295709
      872.000     0.416987     0.317217
      873.000     0.432077     0.330983
      874.000     0.437129     0.335437
      875.000     0.437451     0.335308
      876.000     0.432320     0.330469
      877.000     0.421220     0.320608
      878.000     0.402916     0.305339
      879.000     0.362592     0.272416
      880.000     0.292651     0.216292
      881.000     0.208713     0.154425
      882.000     0.134614     0.106098
      883.000    0.0965765    0.0830063
      884.000    0.0978906    0.0831241
      885.000     0.109543    0.0893487
      886.000    0.0987105    0.0845716
      887.000    0.0765913    0.0738682
      888.000    0.0768380    0.0734394
      889.000    0.0893842    0.0790980
      890.000    0.0932110    0.0809700
      891.000    0.0948775    0.0816680
      892.000    0.0980214    0.0829115
      893.000    0.0934880    0.0806141
      894.000    0.0861465    0.0770208
      895.000    0.0868471    0.0773097
      896.000     0.102146    0.0855000
      897.000     0.124692    0.0979125
      898.000     0.133682     0.102952
      899.000     0.140056     0.106489
      900.000     0.163140     0.120136
      901.000     0.195055     0.140106
      902.000     0.225696     0.160324
      903.000     0.257801     0.184017
      904.000     0.295160     0.213460
      905.000     0.332203     0.243334
      906.000     0.364277     0.270546
      907.000     0.390794     0.293588
      908.000     0.417058     0.315638
      909.000     0.443003     0.337167
      910.000     0.455751     0.347818
      911.000     0.452985     0.345101
      912.000     0.441014     0.335166
      913.000     0.434727     0.330800
      914.000     0.448424     0.342539
      915.000     0.459734     0.352341
      916.000     0.464041     0.356647
      917.000     0.483376     0.372935
      918.000     0.507709     0.393045
      919.000     0.525778     0.408005
      920.000     0.542083     0.421417
      921.000     0.557411     0.433352
      922.000     0.568662     0.442029
      923.000     0.574916     0.447768
      924.000     0.579350     0.452227
      925.000     0.583968     0.455833
      926.000     0.589210     0.459019
      927.000     0.597308     0.464934
      928.000     0.610724     0.475844
      929.000     0.626296     0.488348
      930.000     0.638333     0.497331
      931.000     0.652651     0.507869
      932.000     0.669378     0.521604
      933.000     0.687206     0.537117
      934.000          NaN     0.552369
      935.000          NaN     0.556974
