Number of points =      847
latitude, f_NH3, f_NH3 (alpha-corrected), p_cloud, R_481
     -999.900      0.00000      0.00000      0.00000     0.239069
     -999.900      0.00000      0.00000      0.00000     0.233481
     -999.900      0.00000      0.00000      0.00000     0.229113
     -999.900      0.00000      0.00000      0.00000     0.258035
     -999.900      0.00000      0.00000      0.00000     0.257781
     -999.900      0.00000      0.00000      0.00000     0.258922
     -999.900      0.00000      0.00000      0.00000     0.258662
     -999.900      0.00000      0.00000      0.00000     0.256456
     -999.900      0.00000      0.00000      0.00000     0.255995
     -999.900      0.00000      0.00000      0.00000     0.255077
     -999.900      0.00000      0.00000      0.00000     0.245458
     -999.900      0.00000      0.00000      0.00000     0.268711
     -999.900      0.00000      0.00000      0.00000     0.265362
     -999.900      0.00000      0.00000      0.00000     0.262304
     -45.5359      0.00000      0.00000    0.0874604     0.495465
     -45.9295      0.00000      0.00000    0.0801721     0.500375
     -46.4437      0.00000      0.00000    0.0767433     0.509492
     -47.0977      0.00000      0.00000    0.0713871     0.521469
     -47.9236      0.00000      0.00000    0.0711320     0.538015
     -48.9778      0.00000      0.00000    0.0687979     0.564250
     -50.3743      0.00000      0.00000    0.0670784     0.602989
     -52.4161      0.00000      0.00000    0.0640327     0.668484
     -44.9903      0.00000      0.00000    0.0924038     0.501046
     -45.0702      0.00000      0.00000    0.0951692     0.497801
     -45.2515      0.00000      0.00000    0.0934627     0.497547
     -40.1265      0.00000      0.00000    0.0995359     0.471311
     -40.4160      0.00000      0.00000    0.0924803     0.472632
     -40.7759      0.00000      0.00000    0.0906553     0.477166
     -41.2117      0.00000      0.00000    0.0877496     0.482528
     -41.7314      0.00000      0.00000    0.0870678     0.486258
     -42.3462      0.00000      0.00000    0.0866153     0.494570
     -43.0724      0.00000      0.00000    0.0843440     0.504175
     -43.9341      0.00000      0.00000    0.0775305     0.510011
     -39.6525      0.00000      0.00000    0.0986977     0.478393
     -39.7462      0.00000      0.00000     0.101928     0.475619
     -39.9039      0.00000      0.00000     0.101375     0.474882
     -36.0455      0.00000      0.00000    0.0801872     0.474762
     -36.2893      0.00000      0.00000    0.0791354     0.474381
     -36.5852      0.00000      0.00000    0.0805339     0.476646
     -36.9359      0.00000      0.00000    0.0803392     0.479200
     -37.3452      0.00000      0.00000    0.0816745     0.479266
     -37.8181      0.00000      0.00000    0.0790133     0.483734
     -38.3615      0.00000      0.00000    0.0761907     0.489270
     -38.9845      0.00000      0.00000    0.0716687     0.486933
     -35.6119      0.00000      0.00000    0.0768344     0.481962
     -35.7076      0.00000      0.00000    0.0781944     0.478851
     -35.8520      0.00000      0.00000    0.0725490     0.477382
     -32.6364      0.00000      0.00000    0.0515166     0.482249
     -32.8530      0.00000      0.00000    0.0506975     0.482281
     -33.1118      0.00000      0.00000    0.0559910     0.485734
     -33.4145      0.00000      0.00000    0.0571376     0.489659
     -33.7634      0.00000      0.00000    0.0549657     0.490860
     -34.1613      0.00000      0.00000    0.0521513     0.494642
     -34.6123      0.00000      0.00000    0.0508832     0.496949
     -35.1210      0.00000      0.00000    0.0503461     0.491991
     -32.2305      0.00000      0.00000    0.0398342     0.490111
     -32.3257      0.00000      0.00000    0.0425462     0.487001
     -32.4609      0.00000      0.00000    0.0438107     0.485206
     -29.6497      0.00000      0.00000    0.0305190     0.485244
     -29.8479      0.00000      0.00000    0.0283340     0.485927
     -30.0820      0.00000      0.00000    0.0328326     0.490515
     -30.3531      0.00000      0.00000    0.0357128     0.495009
     -30.6629      0.00000      0.00000    0.0337024     0.498995
     -31.0133      0.00000      0.00000    0.0319072     0.502792
     -31.4068      0.00000      0.00000    0.0308931     0.505808
     -31.8466      0.00000      0.00000    0.0301872     0.502775
     -29.2645      0.00000      0.00000    0.0269292     0.487798
     -29.3584      0.00000      0.00000    0.0252728     0.486893
     -29.4868      0.00000      0.00000    0.0297968     0.486771
     -26.9588      0.00000      0.00000    0.0283088     0.474579
     -27.1434      0.00000      0.00000    0.0271220     0.476023
     -27.3596      0.00000      0.00000    0.0266029     0.478475
     -27.6082      0.00000      0.00000    0.0270196     0.482083
     -27.6082      0.00000      0.00000    0.0270196     0.482083
     -27.8904      0.00000      0.00000    0.0261732     0.486083
     -28.2075      0.00000      0.00000    0.0225347     0.490297
     -28.5615      0.00000      0.00000    0.0204645     0.494534
     -26.5276      0.00000      0.00000    0.0262762     0.472800
     -26.5896      0.00000      0.00000    0.0264626     0.474107
     -26.6822      0.00000      0.00000    0.0246738     0.473860
     -26.8052      0.00000      0.00000    0.0270577     0.474234
     -24.4886      0.00000      0.00000    0.0287045     0.460488
     -24.6628      0.00000      0.00000    0.0278227     0.462112
     -24.8654      0.00000      0.00000    0.0264498     0.464485
     -25.0970      0.00000      0.00000    0.0269307     0.467065
     -25.3585      0.00000      0.00000    0.0259233     0.470606
     -25.6510      0.00000      0.00000    0.0223181     0.474093
     -25.9758      0.00000      0.00000    0.0202485     0.479028
     -24.0687      0.00000      0.00000    0.0321257     0.450958
     -24.1324      0.00000      0.00000    0.0309607     0.453172
     -24.2236      0.00000      0.00000    0.0264781     0.455647
     -24.3423      0.00000      0.00000    0.0281406     0.458419
     -22.1904      0.00000      0.00000    0.0436733     0.435110
     -22.3564      0.00000      0.00000    0.0433873     0.436981
     -22.5483      0.00000      0.00000    0.0364601     0.438657
     -22.7666      0.00000      0.00000    0.0369523     0.441665
     -23.0121      0.00000      0.00000    0.0351508     0.444730
     -23.2855      0.00000      0.00000    0.0333299     0.447588
     -23.5879      0.00000      0.00000    0.0342655     0.453461
     -21.7802      0.00000      0.00000    0.0524326     0.423729
     -21.8449      0.00000      0.00000    0.0488857     0.424548
     -21.9349      0.00000      0.00000    0.0433141     0.428571
     -22.0500      0.00000      0.00000    0.0420811     0.432558
     -20.0308      0.00000      0.00000    0.0754709     0.406317
     -20.1900      0.00000      0.00000    0.0744854     0.407641
     -20.3733      0.00000      0.00000    0.0663886     0.408470
     -20.5810      0.00000      0.00000    0.0636753     0.410143
     -20.8135      0.00000      0.00000    0.0625623     0.412899
     -21.0718      0.00000      0.00000    0.0588632     0.415573
     -21.3565      0.00000      0.00000    0.0571829     0.420783
     -19.6287      0.00000      0.00000    0.0986872     0.395101
     -19.6941      0.00000      0.00000    0.0907910     0.397224
     -19.7829      0.00000      0.00000    0.0822457     0.400492
     -19.8951      0.00000      0.00000    0.0798978     0.403277
     -17.9850      0.00000      0.00000     0.140607     0.380054
     -18.1388      0.00000      0.00000     0.140371     0.381051
     -18.3149      0.00000      0.00000     0.125076     0.381880
     -18.5138      0.00000      0.00000     0.121951     0.383300
     -18.7359      0.00000      0.00000     0.115999     0.385508
     -18.9818      0.00000      0.00000     0.110060     0.387466
     -19.2522      0.00000      0.00000     0.107214     0.391364
     -17.5899      0.00000      0.00000     0.175424     0.369940
     -17.6558      0.00000      0.00000     0.166321     0.372673
     -17.7436      0.00000      0.00000     0.150191     0.375110
     -17.8533      0.00000      0.00000     0.147468     0.377433
     -16.0346      0.00000      0.00000     0.252319     0.359919
     -16.1838      0.00000      0.00000     0.245355     0.361410
     -16.3541      0.00000      0.00000     0.222429     0.361219
     -16.5457      0.00000      0.00000     0.211553     0.362629
     -16.7591      0.00000      0.00000     0.205307     0.363994
     -16.9948      0.00000      0.00000     0.198093     0.364849
     -17.2534      0.00000      0.00000     0.191698     0.367928
     -15.6456      0.00000      0.00000     0.297982     0.351778
     -15.7118      0.00000      0.00000     0.288012     0.353841
     -15.7987      0.00000      0.00000     0.271591     0.355880
     -15.9063      0.00000      0.00000     0.262884     0.358079
     -14.1654      0.00000      0.00000     0.316936     0.348679
     -14.3107      0.00000      0.00000     0.314817     0.348795
     -14.4760      0.00000      0.00000     0.314518     0.349467
     -14.6615      0.00000      0.00000     0.313112     0.349868
     -14.8677      0.00000      0.00000     0.313217     0.350567
     -15.0949      0.00000      0.00000     0.310529     0.350871
     -15.3436      0.00000      0.00000     0.306269     0.353048
     -13.7814      0.00000      0.00000     0.332394     0.344399
     -13.8479      0.00000      0.00000     0.329270     0.345277
     -13.9340      0.00000      0.00000     0.324368     0.346754
     -14.0399      0.00000      0.00000     0.320132     0.347736
     -12.3657      0.00000      0.00000     0.381815     0.344290
     -12.5078      0.00000      0.00000     0.374744     0.344765
     -12.6689      0.00000      0.00000     0.359865     0.345161
     -12.8493      0.00000      0.00000     0.348835     0.345492
     -13.0493      0.00000      0.00000     0.345219     0.345380
     -13.2693      0.00000      0.00000     0.342657     0.346240
     -13.5097      0.00000      0.00000     0.338209     0.346791
     -11.9861      0.00000      0.00000     0.405241     0.342944
     -12.0528      0.00000      0.00000     0.400147     0.342223
     -12.1383      0.00000      0.00000     0.393043     0.343133
     -12.2426      0.00000      0.00000     0.384378     0.343780
     -10.6264      68.0277      224.262     0.412592     0.347576
     -10.7657      67.2175      221.591     0.409921     0.347517
     -10.9232      72.2529      238.191     0.410023     0.347208
     -11.0993      0.00000      0.00000     0.405865     0.347017
     -11.2941      0.00000      0.00000     0.405343     0.346057
     -11.5080      0.00000      0.00000     0.408001     0.346974
     -11.7414      0.00000      0.00000     0.407994     0.347774
     -10.2505      58.7343      193.625     0.419904     0.350717
     -10.3174      64.2772      211.898     0.418513     0.349202
     -10.4024      67.3080      221.889     0.418785     0.348312
     -10.5054      66.3171      218.623     0.416728     0.347680
     -8.93990      56.0759      184.861     0.415695     0.361184
     -9.07678      59.2003      195.161     0.412606     0.360859
     -9.23131      64.2503      211.809     0.411786     0.360600
     -9.40364      65.5468      216.083     0.412896     0.359519
     -9.59401      63.3155      208.727     0.413404     0.359087
     -9.80271      58.0766      191.457     0.413907     0.359652
     -10.0301      55.3489      182.465     0.415820     0.360421
     -8.56705      45.6108      150.362     0.414563     0.367278
     -8.63411      54.4346      179.451     0.415771     0.366321
     -8.71861      61.7653      203.617     0.415270     0.362832
     -8.82053      54.8377      180.779     0.415657     0.362141
     -7.29962      51.2027      168.796     0.414115     0.379027
     -7.43450      56.0416      184.748     0.407370     0.379329
     -7.58646      60.0585      197.990     0.411725     0.379906
     -7.75562      60.5213      199.516     0.411313     0.379796
     -7.94221      58.2639      192.074     0.412139     0.378977
     -8.14648      55.2817      182.243     0.410476     0.379947
     -8.36877      52.1690      171.982     0.412764     0.378579
     -6.92930      47.2995      155.928     0.410411     0.387274
     -6.99653      53.7504      177.195     0.410296     0.385590
     -7.08067      59.7749      197.055     0.415077     0.383098
     -7.18170      53.9930      177.995     0.411592     0.381110
     -5.70017      50.6520      166.981     0.407788     0.397867
     -5.83337      55.1506      181.811     0.401256     0.397180
     -5.98314      60.6256      199.860     0.407235     0.397894
     -6.14961      61.3272      202.173     0.406707     0.397261
     -6.33298      55.8721      184.189     0.407111     0.397658
     -6.53349      51.9152      171.145     0.406284     0.397761
     -6.53349      51.9152      171.145     0.406284     0.397761
     -5.28095      47.7066      157.271     0.407354     0.406115
     -5.33186      51.5813      170.044     0.407102     0.405696
     -5.39929      57.6198      189.951     0.407107     0.403737
     -5.48317      59.3663      195.708     0.410275     0.400797
     -4.02113      59.7007      196.811     0.407146     0.410871
     -4.13686      58.3433      192.336     0.406609     0.409732
     -4.26865      60.6551      199.957     0.399948     0.409462
     -4.41659      60.9754      201.013     0.406873     0.409988
     -4.58080      64.7710      213.526     0.406002     0.410041
     -4.76143      62.4858      205.992     0.407179     0.410336
     -4.95872      60.2794      198.718     0.406465     0.410779
     -3.71857      59.7573      196.997     0.406394     0.414566
     -3.77009      62.6128      206.411     0.406358     0.412194
     -3.83774      64.4251      212.385     0.405920     0.412958
     -3.92142      61.2059      201.773     0.406433     0.411160
     -2.49068      65.2821      215.211     0.404233     0.414575
     -2.60561      65.8214      216.988     0.404280     0.414562
     -2.73624      68.0007      224.173     0.401509     0.414522
     -2.88266      67.3125      221.904     0.404060     0.413981
     -3.04495      65.3095      215.301     0.403914     0.414034
     -3.22330      66.0316      217.681     0.402782     0.413643
     -3.41788      64.6977      213.284     0.403629     0.414252
     -2.18785      66.3735      218.808     0.404044     0.415900
     -2.23996      69.2743      228.371     0.404404     0.415728
     -2.30784      69.3201      228.522     0.404063     0.414694
     -2.39143      65.4621      215.804     0.405823     0.414606
    -0.988556      70.3329      231.861     0.404737     0.415331
     -1.10285      70.9698      233.961     0.403712     0.415221
     -1.23256      71.4415      235.516     0.401589     0.415105
     -1.37772      74.3148      244.988     0.402189     0.415513
     -1.53845      73.2533      241.489     0.403172     0.415502
     -1.71489      71.6932      236.345     0.403909     0.414753
     -1.90719      71.5887      236.001     0.402551     0.415126
    -0.685249      70.6415      232.878     0.402945     0.416460
    -0.737915      71.5128      235.751     0.402708     0.416543
    -0.806068      71.6838      236.315     0.402536     0.415284
    -0.889618      72.6273      239.425     0.404620     0.416078
     0.488388      69.0627      227.674     0.406143     0.415590
     0.374557      70.8395      233.531     0.406060     0.415353
     0.245583      71.8994      237.025     0.403659     0.416007
     0.101410      73.2052      241.330     0.402691     0.415883
   -0.0580521      75.8552      250.066     0.403894     0.416286
    -0.232918      74.3326      245.047     0.404596     0.414782
    -0.423355      72.4100      238.709     0.402730     0.415490
     0.792381      71.8467      236.851     0.405626     0.416962
     0.739159      70.4340      232.194     0.405125     0.416779
     0.670723      70.0572      230.952     0.406904     0.415826
     0.587112      70.2513      231.592     0.407087     0.415685
      1.94296      69.9462      230.586     0.411246     0.416527
      1.82944      69.3703      228.688     0.411769     0.415602
      1.70100      71.0375      234.184     0.408749     0.416582
      1.55758      72.8040      240.007     0.407223     0.416989
      1.39912      72.8025      240.003     0.406820     0.417661
      1.22552      73.3894      241.937     0.405990     0.416445
      1.03659      72.0445      237.503     0.405335     0.415663
      2.24784      67.1146      221.252     0.412211     0.418800
      2.19408      69.4104      228.820     0.412454     0.418563
      2.12531      71.3483      235.209     0.411791     0.416941
      2.04160      72.3491      238.508     0.412440     0.417139
      3.37768      65.8852      217.199     0.419474     0.418107
      3.26431      65.7817      216.858     0.418672     0.417939
      3.13623      66.4976      219.218     0.417691     0.418615
      2.99337      68.1018      224.506     0.417338     0.419601
      2.83566      67.5950      222.835     0.415857     0.419780
      2.66300      68.6113      226.186     0.415087     0.419236
      2.47526      68.6704      226.380     0.414025     0.418697
      3.68364      57.6049      189.902     0.424798     0.420809
      3.62935      61.6754      203.320     0.424570     0.421353
      3.56022      64.9322      214.057     0.424420     0.419905
      3.47631      66.7191      219.948     0.421694     0.419697
      4.79480      59.7269      196.897     0.433095     0.422490
      4.68148      60.1745      198.373     0.431021     0.421944
      4.55357      59.5944      196.460     0.429087     0.421835
      4.41106      62.3403      205.513     0.426161     0.422355
      4.25387      62.9080      207.384     0.425995     0.422182
      4.08189      62.7733      206.940     0.427676     0.421069
      3.89503      61.0352      201.210     0.425809     0.422165
      5.10207      51.9990      171.421     0.438091     0.424727
      5.04723      52.8544      174.241     0.438711     0.424689
      4.97770      56.6404      186.722     0.438259     0.422961
      4.89355      58.7767      193.765     0.434998     0.423895
      6.19641      53.0952      175.035     0.449550     0.425657
      6.08301      52.5215      173.144     0.447111     0.425392
      5.95514      53.0423      174.860     0.444177     0.424881
      5.81277      52.9364      174.512     0.442563     0.425205
      5.65587      53.4729      176.280     0.440346     0.425086
      5.48434      55.8171      184.008     0.440093     0.425567
      5.29805      55.4009      182.636     0.441119     0.425602
      6.50520      44.4437      146.514     0.455569     0.427333
      6.44982      47.5429      156.731     0.456169     0.427550
      6.37985      48.8638      161.086     0.455597     0.426268
      6.29537      50.7792      167.400     0.452871     0.426125
      7.58443      45.4851      149.947     0.470125     0.426787
      7.47080      46.8788      154.542     0.467578     0.426585
      7.34281      46.9056      154.630     0.464443     0.426458
      7.20043      45.4759      149.917     0.461685     0.426629
      7.04361      46.3953      152.948     0.458468     0.426567
      6.87227      47.2190      155.663     0.455973     0.427010
      6.68629      46.2437      152.448     0.455906     0.427608
      7.89492      45.2406      149.141     0.474661     0.427636
      7.83900      44.1001      145.382     0.474883     0.427918
      7.76856      44.9301      148.118     0.473863     0.427111
      7.68369      45.9900      151.612     0.473090     0.427388
      8.96060      46.5095      153.324     0.484857     0.424743
      8.84664      46.0489      151.806     0.482043     0.424931
      8.71838      45.8193      151.049     0.479249     0.425009
      8.57580      44.8195      147.753     0.478222     0.425166
      8.41885      44.8289      147.784     0.476203     0.425519
      8.24747      45.3601      149.535     0.474679     0.426263
      8.06157      44.3386      146.168     0.473718     0.426849
      9.27303      46.5756      153.542     0.487064     0.424492
      9.21653      45.6695      150.555     0.487657     0.424222
      9.14558      46.5372      153.416     0.485739     0.424254
      9.06026      46.4793      153.225     0.484642     0.424869
      10.3266      46.0521      151.816     0.511037     0.418709
      10.2122      47.2301      155.700     0.505208     0.419758
      10.0835      44.3187      146.102     0.499528     0.420173
      9.94053      43.3773      142.999     0.492817     0.419999
      9.78326      44.1909      145.681     0.490185     0.420804
      9.61163      44.8353      147.805     0.487309     0.421272
      9.42553      44.6130      147.072     0.486314     0.421759
      10.6837      47.8363      157.698     0.514415     0.413952
      10.6411      47.6729      157.160     0.514559     0.415446
      10.5841      47.0854      155.223     0.514079     0.415892
      10.5126      46.3636      152.843     0.514946     0.417368
      10.4267      45.6489      150.487     0.512126     0.417073
      11.6838      47.0524      155.114     0.534264     0.405290
      11.5689      47.6368      157.040     0.529633     0.407032
      11.4396      46.2481      152.463     0.526693     0.407723
      11.2961      44.6341      147.142     0.521370     0.408001
      11.1384      44.6234      147.107     0.518152     0.408138
      10.9663      47.0357      155.059     0.516920     0.409170
      12.0439      52.0247      171.506     0.539478     0.398732
      12.0008      50.6669      167.030     0.541098     0.399758
      11.9431      49.6564      163.698     0.538819     0.400969
      11.8710      48.7008      160.548     0.538704     0.401443
      11.7846      47.2283      155.694     0.536075     0.403209
      13.0339      50.2550      165.672     0.555129     0.389490
      12.9182      50.1346      165.275     0.552265     0.390573
      12.7883      49.6889      163.806     0.548946     0.390796
      12.6441      47.3412      156.066     0.544954     0.390921
      12.4856      47.5434      156.733     0.541880     0.391368
      12.3129      49.8854      164.453     0.541553     0.392825
      13.3971      52.5792      173.334     0.564539     0.383175
      13.3534      51.2513      168.956     0.564903     0.383652
      13.2951      50.1556      165.344     0.562237     0.384313
      13.2224      49.0609      161.735     0.561010     0.385516
      13.1353      49.9802      164.766     0.558685     0.387650
      14.3780      53.0686      174.947     0.571721     0.374415
      14.2615      52.1654      171.970     0.570244     0.375583
      14.1308      53.4252      176.123     0.569207     0.375853
      13.9857      53.2813      175.648     0.566114     0.376021
      13.8264      52.4559      172.927     0.564208     0.376354
      13.6527      52.6444      173.549     0.565839     0.376561
      14.7447      56.5579      186.450     0.581166     0.370604
      14.7003      56.8807      187.514     0.581508     0.371690
      14.6414      56.5077      186.285     0.579700     0.373197
      14.5680      55.7296      183.719     0.577978     0.373376
      14.4802      53.9717      177.924     0.575246     0.373134
      15.7175      57.2703      188.799     0.579928     0.365916
      15.6001      55.7758      183.872     0.575747     0.366561
      15.4684      55.0866      181.600     0.574970     0.366846
      15.3224      54.2064      178.698     0.576466     0.366805
      15.1620      54.3702      179.238     0.575793     0.366577
      14.9872      55.7503      183.788     0.576528     0.367650
      16.0879      55.8734      184.194     0.582826     0.364626
      16.0429      56.6329      186.697     0.582429     0.364959
      15.9833      57.9673      191.096     0.581945     0.365525
      15.9092      58.9012      194.175     0.583623     0.364235
      15.8205      59.8004      197.139     0.582700     0.365101
      17.0537      60.2810      198.724     0.580934     0.362192
      16.9353      59.5625      196.355     0.577780     0.362574
      16.8024      59.0570      194.689     0.576126     0.362621
      16.6552      58.9266      194.259     0.576273     0.362392
      16.4936      57.9630      191.082     0.576806     0.362319
      16.3175      58.5975      193.174     0.576350     0.363180
      17.4279      59.1172      194.887     0.579154     0.361753
      17.3824      59.9604      197.667     0.580814     0.362421
      17.3221      59.7426      196.949     0.580934     0.362321
      17.2471      59.7976      197.130     0.582747     0.361254
      17.1577      59.9313      197.571     0.582473     0.360961
      18.3876      60.7405      200.239     0.576424     0.360156
      18.2681      61.0311      201.197     0.573027     0.360160
      18.1340      60.5921      199.749     0.571318     0.360265
      17.9854      59.6896      196.774     0.572852     0.360539
      17.8223      59.3577      195.680     0.572880     0.360616
      17.6447      59.0581      194.692     0.572778     0.360088
      18.7660      61.7474      203.558     0.573714     0.361155
      18.7199      60.8026      200.443     0.575122     0.361592
      18.6589      60.6905      200.074     0.574875     0.361605
      18.5831      60.0986      198.122     0.577841     0.360484
      18.4927      60.9190      200.827     0.578034     0.359545
      19.7206      61.6689      203.299     0.568991     0.360251
      19.5997      61.0178      201.153     0.565073     0.359903
      19.4643      61.2963      202.071     0.564305     0.360065
      19.3142      61.6078      203.098     0.565094     0.360372
      19.1494      59.9489      197.629     0.565059     0.360401
      18.9701      59.0588      194.695     0.564484     0.359526
      20.1034      62.2743      205.295     0.563113     0.361685
      20.0566      61.5135      202.787     0.565673     0.361894
      19.9949      62.0842      204.668     0.565452     0.362044
      19.9182      61.8757      203.981     0.567334     0.360855
      19.8268      61.7679      203.626     0.567915     0.360766
      21.0536      61.7171      203.458     0.557812     0.361496
      20.9313      61.0211      201.164     0.554942     0.361079
      20.7943      62.1384      204.847     0.555097     0.361295
      20.6425      60.6033      199.786     0.556393     0.361280
      20.4760      59.8907      197.437     0.555838     0.361237
      20.2947      58.8972      194.162     0.553859     0.360814
      21.4411      60.7159      200.158     0.555217     0.363678
      21.3937      61.5712      202.977     0.556173     0.363735
      21.3312      62.1646      204.933     0.556143     0.363308
      21.2536      62.6950      206.682     0.558199     0.362268
      21.1610      62.6307      206.470     0.557745     0.361538
      22.3878      62.2143      205.097     0.551847     0.363253
      22.2640      62.7865      206.984     0.548369     0.363326
      22.1253      64.8441      213.767     0.549638     0.363229
      21.9716      62.4733      205.951     0.549602     0.363611
      21.8030      61.9133      204.105     0.548397     0.363584
      21.6196      62.0283      204.484     0.546886     0.363363
      22.7803      59.6381      196.604     0.548519     0.365750
      22.7323      60.2238      198.535     0.549724     0.366148
      22.6689      61.0748      201.341     0.549464     0.366381
      22.5903      62.3558      205.564     0.552143     0.364439
      22.4966      62.8845      207.307     0.551266     0.363616
      23.7242      59.2790      195.421     0.546095     0.365696
      23.5987      63.0166      207.742     0.540796     0.365759
      23.4581      69.1556      227.980     0.541300     0.365665
      23.3024      65.3283      215.363     0.538818     0.365705
      23.1316      70.8742      233.646     0.536019     0.365745
      22.9457      70.0988      231.089     0.536017     0.365811
      24.1219      57.8769      190.798     0.543264     0.368494
      24.0733      58.8975      194.163     0.544707     0.368446
      24.0091      57.9268      190.963     0.544957     0.368253
      23.9295      59.1424      194.970     0.548121     0.366795
      23.8345      58.6180      193.241     0.546403     0.366641
      25.0639      58.1201      191.600     0.533616     0.368709
      24.9366      63.3661      208.894     0.533406     0.367537
      24.7940      61.8162      203.785     0.534512     0.367126
      24.6360      61.6457      203.223     0.532105     0.367112
      24.4628      65.5946      216.241     0.530814     0.366891
      24.2743      64.5810      212.899     0.530698     0.366603
      25.5005      55.0011      181.318     0.538953     0.369915
      25.4673      56.0439      184.756     0.537969     0.371255
      25.4180      56.7732      187.160     0.537286     0.371165
      25.3529      55.1981      181.967     0.538560     0.370419
      25.2722      56.0027      184.620     0.540717     0.368561
      26.5216      53.3654      175.926     0.536940     0.371440
      26.4080      53.1990      175.377     0.530735     0.371465
      26.2787      57.7172      190.272     0.529712     0.370093
      26.1339      56.5250      186.342     0.529499     0.369127
      25.9735      55.3880      182.593     0.527738     0.368922
      25.7975      58.0150      191.254     0.527315     0.368684
      26.8509      53.8984      177.683     0.538513     0.373361
      26.8173      53.8083      177.386     0.535886     0.374463
      26.7674      55.8563      184.137     0.535700     0.373656
      26.7014      53.6745      176.945     0.537381     0.372655
      26.6194      53.4760      176.290     0.538882     0.369897
      27.8729      52.4914      173.044     0.537467     0.372871
      27.7575      50.5493      166.642     0.533621     0.373374
      27.6261      52.7133      173.776     0.531526     0.372860
      27.4788      51.8572      170.954     0.529905     0.372671
      27.3157      51.7544      170.615     0.529337     0.372931
      27.1369      53.7254      177.113     0.528333     0.372555
      28.2070      50.4429      166.291     0.537672     0.376971
      28.1730      51.0651      168.342     0.537423     0.376956
      28.1225      53.1247      175.132     0.538164     0.376235
      28.0555      53.2159      175.433     0.538709     0.374794
      27.9723      52.8793      174.323     0.539378     0.372753
      29.2308      49.3305      162.624     0.540911     0.375288
      29.1134      48.2089      158.926     0.537909     0.375449
      28.9797      51.0492      168.290     0.534065     0.375122
      28.8298      49.9309      164.604     0.533432     0.375344
      28.6638      49.8638      164.382     0.532659     0.375485
      28.4818      50.5769      166.733     0.531889     0.375455
      29.5699      48.0724      158.477     0.541132     0.379193
      29.5356      49.5879      163.473     0.539810     0.378539
      29.4844      49.8735      164.414     0.541052     0.378433
      29.4164      50.2956      165.806     0.541339     0.377051
      29.3319      50.1007      165.163     0.541734     0.374915
      30.5964      46.4230      153.039     0.542988     0.376944
      30.4768      46.3657      152.850     0.541202     0.377116
      30.3407      48.5523      160.059     0.539328     0.377534
      30.1880      48.1169      158.623     0.536952     0.377223
      30.0188      47.5563      156.775     0.537468     0.377479
      29.8333      48.4522      159.729     0.536752     0.377932
      30.9407      46.8863      154.566     0.543676     0.379748
      30.9061      47.3658      156.147     0.542882     0.379455
      30.8542      48.1796      158.830     0.543499     0.379261
      30.7852      48.3547      159.407     0.542929     0.378180
      30.6992      47.5680      156.814     0.543811     0.377032
      31.9707      45.5147      150.045     0.543526     0.378684
      31.8488      45.5716      150.232     0.542685     0.378869
      31.7100      45.7358      150.774     0.541046     0.378772
      31.5543      44.8035      147.700     0.540558     0.378719
      31.3817      45.5935      150.304     0.539060     0.379135
      31.1924      46.3300      152.732     0.538905     0.379752
      32.3205      46.2424      152.444     0.544834     0.379272
      32.2856      46.3004      152.635     0.543740     0.379458
      32.2331      47.1442      155.417     0.544421     0.379935
      32.1629      47.9994      158.236     0.544149     0.379743
      32.0754      45.8018      150.991     0.544258     0.378417
      33.3549      45.3157      149.389     0.544083     0.379151
      33.2305      45.0419      148.486     0.542546     0.378828
      33.0888      44.7789      147.619     0.542173     0.379185
      32.9298      44.2551      145.892     0.540780     0.379608
      32.7536      44.1017      145.387     0.540133     0.380040
      32.5602      44.0270      145.140     0.539198     0.380655
      33.7104      45.7724      150.895     0.542833     0.378835
      33.6753      47.1002      155.272     0.542373     0.378973
      33.6220      46.3797      152.897     0.542589     0.379400
      33.5507      46.1954      152.289     0.542452     0.379571
      33.4616      45.2858      149.290     0.542214     0.378999
      34.7500      46.1885      152.266     0.540177     0.378338
      34.6231      44.7927      147.665     0.538682     0.379107
      34.4782      42.0695      138.687     0.538954     0.378907
      34.3156      43.6068      143.755     0.539916     0.378910
      34.1354      43.6494      143.896     0.539006     0.379508
      33.9376      44.1573      145.570     0.537097     0.380161
      35.1115      45.1555      148.861     0.540738     0.378731
      35.0762      46.4546      153.143     0.540168     0.378828
      35.0223      48.6284      160.309     0.540334     0.379205
      34.9498      47.8652      157.794     0.541828     0.379075
      34.8590      47.2623      155.806     0.540661     0.378258
      36.1573      47.9698      158.138     0.540175     0.377930
      36.0275      47.9799      158.172     0.538016     0.378534
      35.8793      47.7325      157.356     0.536314     0.378480
      35.7129      46.7229      154.028     0.535474     0.378361
      35.5283      45.9731      151.556     0.536371     0.379164
      35.3257      45.5579      150.187     0.534858     0.379878
      36.5251      47.4431      156.402     0.538535     0.378409
      36.4896      48.8523      161.048     0.538614     0.377671
      36.4350      50.6074      166.834     0.539194     0.378084
      36.3612      50.5743      166.724     0.541460     0.378357
      36.2686      48.9442      161.350     0.541877     0.377682
      37.5780      52.1470      171.909     0.541091     0.378229
      37.4451      53.1679      175.275     0.542254     0.378505
      37.2933      51.2878      169.077     0.538703     0.378732
      37.1227      47.3360      156.049     0.537545     0.378323
      36.9334      48.2693      159.126     0.535176     0.379133
      36.7257      49.4433      162.996     0.534593     0.379572
      37.9523      50.3638      166.031     0.541416     0.378049
      37.9168      50.4424      166.290     0.542475     0.377621
      37.8614      52.6876      173.691     0.543911     0.377335
      37.7863      53.3035      175.722     0.543467     0.377364
      37.6918      52.5147      173.121     0.543048     0.377182
      39.0133      57.8480      190.703     0.548918     0.377073
      38.8771      57.2278      188.658     0.546796     0.377572
      38.7213      56.7530      187.093     0.542627     0.378517
      38.5462      51.7918      170.738     0.539834     0.378576
      38.3519      53.4964      176.358     0.537048     0.379704
      38.1385      52.8061      174.082     0.535649     0.379809
      39.3944      56.4970      186.249     0.547778     0.376901
      39.3589      57.5790      189.816     0.550265     0.376310
      39.3027      59.8506      197.305     0.553025     0.376126
      39.2263      59.1920      195.134     0.551956     0.376467
      39.1297      59.0236      194.579     0.552269     0.375624
      40.4645      65.7671      216.809     0.564588     0.375053
      40.3247      64.1241      211.393     0.557496     0.376897
      40.1647      61.4538      202.590     0.551665     0.376957
      39.9847      60.1623      198.332     0.547613     0.377968
      39.7849      59.8856      197.420     0.544864     0.378271
      39.5653      58.6754      193.431     0.542902     0.378964
      40.8667      63.0603      207.886     0.561687     0.375209
      40.8528      64.9744      214.196     0.562246     0.374300
      40.8173      67.5369      222.644     0.564558     0.374322
      40.7604      67.2982      221.857     0.569016     0.373871
      40.6826      67.4681      222.417     0.570281     0.374959
      40.5838      65.9223      217.321     0.569866     0.374102
      41.9329      70.3532      231.928     0.579481     0.371715
      41.7893      67.0242      220.954     0.573271     0.373215
      41.6248      64.5185      212.693     0.567367     0.375095
      41.4394      64.6863      213.246     0.560575     0.376113
      41.2336      63.4028      209.015     0.559008     0.375560
      42.3418      69.2600      228.324     0.579719     0.372440
      42.3288      70.4946      232.394     0.580792     0.371412
      42.2934      72.1143      237.734     0.582668     0.371569
      42.2359      72.2144      238.064     0.584158     0.371344
      42.1565      71.6407      236.172     0.585090     0.371433
      42.0554      70.5885      232.704     0.585326     0.370976
      43.4202      71.6801      236.302     0.586762     0.370122
      43.2724      69.0325      227.574     0.582976     0.371091
      43.1028      70.0089      230.793     0.576638     0.372061
      42.9117      69.8744      230.350     0.574695     0.372449
      42.6992      70.3203      231.819     0.573439     0.372243
      43.8357      71.7335      236.478     0.587231     0.371426
      43.8239      72.6817      239.604     0.588051     0.370987
      43.7887      73.7035      242.973     0.589342     0.370499
      43.7305      75.4731      248.806     0.589777     0.370769
      43.6495      74.7814      246.526     0.590360     0.370065
      43.5460      73.1698      241.213     0.589172     0.369258
      44.9277      73.1456      241.133     0.585925     0.370878
      44.7753      72.6490      239.496     0.584910     0.371815
      44.6003      72.7250      239.747     0.579879     0.371736
      44.4029      72.5481      239.164     0.579593     0.372042
      44.1833      70.9258      233.816     0.578178     0.371773
      45.3501      73.5503      242.468     0.587766     0.372478
      45.3397      73.4037      241.984     0.588038     0.372552
      45.3049      73.1460      241.135     0.588341     0.372243
      45.2460      74.2885      244.901     0.588750     0.372048
      45.1633      74.3320      245.045     0.587996     0.371204
      45.0571      73.8156      243.342     0.586910     0.370324
      46.4570      75.8568      250.071     0.577255     0.373860
      46.2997      73.9709      243.854     0.576292     0.373854
      46.1188      73.9037      243.633     0.576431     0.373462
      45.9144      73.4801      242.236     0.577624     0.372973
      45.6870      71.2453      234.869     0.576145     0.372597
      46.8865      73.9477      243.778     0.577827     0.376040
      46.8777      73.3526      241.816     0.574824     0.376067
      46.8434      73.3699      241.873     0.576595     0.376579
      46.7839      73.5849      242.582     0.575975     0.375788
      46.6994      74.5027      245.607     0.575170     0.374664
      46.5903      75.2097      247.938     0.574653     0.373802
      48.0100      74.8609      246.788     0.564588     0.377146
      47.8473      73.5799      242.565     0.564918     0.376938
      47.6598      73.3594      241.838     0.567837     0.376013
      47.4479      71.9839      237.304     0.567287     0.376011
      47.2118      71.6363      236.158     0.566583     0.376209
      48.4466      74.8097      246.619     0.564835     0.378806
      48.4398      74.5566      245.785     0.564583     0.378835
      48.4062      73.4000      241.972     0.566301     0.379605
      48.3460      73.2014      241.318     0.566814     0.379486
      48.2597      72.4168      238.731     0.566490     0.379075
      48.1476      74.2865      244.895     0.565487     0.377615
      49.5885      73.1224      241.057     0.557008     0.379140
      49.4198      72.9175      240.381     0.556742     0.379472
      49.2252      71.8722      236.936     0.558084     0.379277
      49.0049      73.8398      243.422     0.558339     0.378472
      48.7593      71.9401      237.160     0.557675     0.378591
      50.0323      74.1833      244.555     0.556615     0.381142
      50.0279      75.0593      247.442     0.556581     0.381155
      49.9951      74.0001      243.950     0.557088     0.381226
      49.9344      73.0963      240.971     0.558742     0.381156
      49.8461      73.4259      242.058     0.558982     0.380855
      49.7307      73.2804      241.578     0.558425     0.380188
      51.1944      77.1119      254.209     0.556246     0.379902
      51.0193      74.8582      246.779     0.552134     0.380834
      50.8167      74.3732      245.180     0.554221     0.381406
      50.5872      74.8562      246.773     0.553428     0.380709
      50.3310      74.0939      244.260     0.552752     0.380717
      51.6455      73.5613      242.504     0.551949     0.380898
      51.6439      74.7242      246.337     0.551561     0.380650
      51.6123      74.3030      244.949     0.553050     0.380896
      51.5511      74.2072      244.633     0.554810     0.380541
      51.4607      74.3116      244.977     0.556234     0.380707
      51.3417      77.1587      254.363     0.556283     0.380800
      52.8300      75.0502      247.412     0.555793     0.379723
      52.6477      75.9960      250.530     0.554966     0.380081
      52.4363      75.2625      248.112     0.554905     0.380867
      52.1965      73.7499      243.126     0.553984     0.380807
      51.9286      73.7324      243.068     0.550880     0.381188
      53.2883      74.6985      246.253     0.553178     0.379945
      53.2900      74.3520      245.111     0.551217     0.379499
      53.2599      73.2468      241.467     0.553099     0.379799
      53.1983      72.1998      238.015     0.555071     0.379438
      53.1059      73.0932      240.961     0.557679     0.379607
      52.9829      75.8420      250.023     0.557460     0.379037
      54.4977      78.2921      258.099     0.561770     0.378720
      54.3073      79.1528      260.937     0.559705     0.379528
      54.0862      78.2507      257.963     0.558191     0.379754
      53.8348      76.2224      251.276     0.556502     0.379571
      53.5539      74.0689      244.177     0.554837     0.379943
      54.9630      75.8864      250.169     0.555931     0.378852
      54.9687      76.8242      253.260     0.556279     0.378391
      54.9405      75.0517      247.417     0.558399     0.378668
      54.8787      79.2273      261.183     0.562388     0.378706
      54.7840      79.3830      261.696     0.562779     0.377988
      54.6568      79.9492      263.563     0.561507     0.378064
      56.2000      79.4219      261.824     0.563616     0.378282
      56.0006      79.5172      262.138     0.563166     0.378565
      55.7685      80.3370      264.841     0.560561     0.379606
      55.5042      76.7072      252.875     0.557726     0.378761
      55.2086      76.8037      253.193     0.556055     0.378569
      56.6720      81.2660      267.903     0.561057     0.378416
      56.6826      81.2921      267.989     0.561134     0.377770
      56.6567      78.9195      260.168     0.563421     0.379245
      56.5949      77.9939      257.117     0.567850     0.378863
      56.4978      79.5452      262.230     0.567085     0.379143
      56.3659      80.2096      264.421     0.564989     0.378074
      57.9398      82.8462      273.113     0.568579     0.377834
      57.7303      83.3508      274.776     0.565944     0.378770
      57.4857      82.7816      272.900     0.563459     0.379345
      57.2068      80.1833      264.334     0.561632     0.378681
      56.8945      79.7147      262.789     0.560797     0.378853
      58.3617      81.8252      269.747     0.564928     0.377847
      58.4180      80.0821      264.000     0.567060     0.377909
      58.4345      80.2893      264.684     0.567838     0.378101
      58.4116      79.3110      261.459     0.571002     0.378783
      58.3501      78.7998      259.773     0.573260     0.378885
      58.2504      78.7934      259.752     0.573586     0.379073
      59.9026      80.6801      265.972     0.581531     0.376673
      59.7202      82.3348      271.427     0.578137     0.377438
      59.4992      82.5036      271.983     0.576816     0.377988
      59.2405      82.2331      271.092     0.573555     0.378025
      58.9449      80.6815      265.976     0.570240     0.377726
      60.1370      84.2772      277.830     0.573475     0.376136
      60.2039      83.2258      274.364     0.575407     0.376421
      60.2276      82.4002      271.643     0.578391     0.376878
      60.2085      78.6743      259.360     0.581261     0.376673
      60.1476      77.5592      255.684     0.584854     0.377481
      60.0453      78.0976      257.459     0.585394     0.377640
      61.7371      83.0225      273.694     0.593212     0.373517
      61.5448      85.3038      281.214     0.590443     0.374345
      61.3106      83.5122      275.308     0.588048     0.375409
      61.0356      85.2038      280.885     0.585045     0.374962
      60.7208      84.9747      280.129     0.579848     0.376129
      61.9528      84.3027      277.914     0.583968     0.373418
      62.0327      85.2412      281.008     0.587135     0.372721
      62.0652      86.4501      284.993     0.590359     0.371605
      62.0512      84.5205      278.632     0.592032     0.371492
      61.9912      82.6158      272.353     0.594951     0.371709
      61.8862      83.5023      275.276     0.596792     0.373300
      63.6212      85.9788      283.440     0.605233     0.366999
      63.4176      89.3862      294.673     0.602456     0.367637
      63.1680      86.3314      284.602     0.597416     0.368790
      62.8740      87.8069      289.466     0.593433     0.370213
      62.5369      87.2810      287.733     0.589994     0.370681
      63.8119      84.9964      280.201     0.593495     0.365297
      63.9077      86.4835      285.103     0.594733     0.363728
      63.9514      86.0042      283.523     0.598674     0.362005
      63.9437      83.2109      274.315     0.600485     0.361801
      63.8854      82.1788      270.912     0.604078     0.364897
      63.7776      84.0629      277.124     0.606888     0.366251
      65.5598      89.7164      295.761     0.611949     0.355317
      65.3428      91.2353      300.768     0.611533     0.356451
      65.0753      87.8363      289.563     0.609175     0.358697
      64.7589      89.5867      295.334     0.605297     0.360157
      64.3955      88.2276      290.853     0.600104     0.361634
      65.7166      86.9752      286.724     0.606267     0.354668
      65.8324      87.1417      287.273     0.607361     0.353599
      65.8902      87.0782      287.064     0.607176     0.353038
      65.8908      86.4608      285.029     0.607762     0.353015
      65.8352      87.5432      288.597     0.612021     0.353767
      65.7244      88.7281      292.503     0.611927     0.354873
      67.5583      94.8535      312.696     0.618981     0.344581
      67.3256      93.2175      307.303     0.617126     0.346319
      67.0365      90.0160      296.749     0.614366     0.347285
      66.6934      90.3862      297.969     0.610665     0.348368
      66.2986      89.9681      296.591     0.604616     0.349297
      67.6691      89.1497      293.893     0.605009     0.344736
      67.8102      90.3964      298.003     0.606757     0.343294
      67.8863      91.8562      302.815     0.610993     0.343309
      67.8980      90.6815      298.943     0.617047     0.342515
      67.8463      92.3134      304.323     0.622392     0.344191
      67.7325      94.9056      312.868     0.621002     0.344544
      69.6233      95.1209      313.578     0.621279     0.337466
      69.3715      93.5998      308.563     0.618239     0.337475
      69.0562      89.5097      295.080     0.614229     0.338767
      68.6804      92.8728      306.167     0.610265     0.339495
      68.2475      92.5490      305.099     0.603105     0.342160
      69.6704      88.9914      293.371     0.607870     0.337643
      69.8445      91.0429      300.134     0.610282     0.336010
      69.9446      92.2061      303.969     0.613902     0.335433
      69.9712      92.8822      306.198     0.622228     0.334727
      69.9255      91.4531      301.487     0.626366     0.335879
      69.8088      93.3535      307.751     0.625741     0.336752
      71.7621      96.0776      316.732     0.638200     0.330117
      71.4866      95.6122      315.197     0.634429     0.329544
      71.1385      93.6856      308.846     0.629968     0.329692
      70.7222      97.3952      321.075     0.620268     0.331477
      70.2419      95.1423      313.648     0.611081     0.333545
      71.7195      91.6088      302.000     0.616487     0.330474
      71.9374      93.1939      307.225     0.620135     0.330586
      72.0701      93.8934      309.531     0.624605     0.329084
      72.1175      91.6106      302.006     0.631793     0.328069
      72.0806      89.8556      296.220     0.645209     0.327724
      71.9613      95.2828      314.112     0.643898     0.329245
      73.9837      99.1297      326.793     0.668432     0.319809
      73.6777      99.2871      327.312     0.665062     0.321030
      73.2875      98.0668      323.289     0.655058     0.321839
      72.8190      98.1841      323.676     0.649050     0.324029
      72.2788      101.094      333.268     0.630752     0.326621
      73.8107      91.5184      301.702     0.633348     0.321461
      74.0890      96.4339      317.906     0.638288     0.320601
      74.2672      98.6152      325.097     0.641648     0.319056
      74.3444      92.4764      304.860     0.660525     0.318565
      74.3212      91.5208      301.710     0.679764     0.319397
      74.1998      96.4029      317.804     0.676202     0.320921
      76.2982      101.988      336.215     0.709405     0.309257
      75.9514      99.7686      328.900     0.707371     0.310591
      75.5047      98.9945      326.348     0.693305     0.312137
      74.9674      99.9170      329.389     0.679376     0.315039
      74.3489      100.544      331.457     0.655743     0.318654
      75.9292      93.3529      307.749     0.662934     0.312237
      76.2933      100.364      330.861     0.676308     0.311139
      76.5379      100.768      332.194     0.681506     0.309260
      76.6598      94.9777      313.106     0.700225     0.309029
      76.6585      94.3490      311.033     0.717816     0.308455
      76.5363      99.4880      327.975     0.715719     0.310659
      78.7174      102.462      337.777     0.743261     0.301373
      78.3126      100.730      332.069     0.741319     0.302703
      77.7861      100.599      331.637     0.727180     0.303748
      77.1536      101.780      335.530     0.716886     0.306460
      76.4301      103.465      341.087     0.690667     0.310278
      78.0384      96.8087      319.142     0.697393     0.305348
      78.5298      100.744      332.117     0.710810     0.303629
      78.8767      99.5743      328.259     0.714399     0.301239
      79.0701      95.7947      315.799     0.732277     0.299319
      79.1060      94.5561      311.716     0.749884     0.299818
      78.9859      100.467      331.202     0.748898     0.301313
      81.2532      106.880      352.343     0.761560     0.294983
      80.7579      101.218      333.679     0.762020     0.294575
      80.1109      100.045      329.809     0.752759     0.296799
      79.3408      101.267      333.841     0.746056     0.298883
      78.4724      102.144      336.730     0.720805     0.301242
      80.0528      94.2839      310.818     0.720148     0.298299
      80.7402      98.5665      324.937     0.732862     0.296461
      81.2552      98.1888      323.691     0.738541     0.294634
      81.2552      98.1888      323.691     0.738541     0.294634
      81.5734      97.4376      321.215     0.758068     0.292761
      81.6787      94.9475      313.006     0.770690     0.293403
      84.3077      102.406      337.595     0.779856     0.288879
      83.9089      105.864      348.992     0.772889     0.289311
      83.2523      95.4891      314.791     0.769962     0.289253
      82.4070      98.8327      325.814     0.762121     0.291065
      81.4302      95.8176      315.874     0.752706     0.291839
      80.6473      89.1819      293.999     0.714022     0.296107
      81.7702      93.6463      308.716     0.728598     0.293022
      82.7588      96.8275      319.204     0.736502     0.290797
      83.5660      95.5263      314.914     0.743309     0.288582
      84.1298      93.5389      308.362     0.758262     0.287084
      84.3880      90.6589      298.868     0.780900     0.287488
      84.3077      102.406      337.595     0.779856     0.288879
      86.6184      100.534      331.422     0.777580     0.286530
      85.6111      96.3448      317.613     0.775121     0.287052
      84.4270      94.9737      313.093     0.753728     0.288045
      83.1594      91.8914      302.931     0.742054     0.288024
      81.3205      86.2015      284.174     0.702238     0.293048
      82.7588      91.0458      300.144     0.713694     0.290422
      84.1289      93.1193      306.979     0.729431     0.289020
      85.3970      90.5012      298.349     0.738023     0.286872
      86.4802      87.3860      288.079     0.756998     0.285407
      87.1873      87.6351      288.900     0.784558     0.284233
      87.2383      99.4592      327.880     0.781457     0.285518
      88.3041      95.4939      314.807     0.766121     0.284105
      86.8507      90.3643      297.897     0.764832     0.285278
      85.3861      91.4361      301.430     0.741437     0.284935
      83.9214      89.9821      296.637     0.728820     0.286551
      80.7955      76.4849      252.142     0.679369     0.295079
      82.4128      81.9007      269.996     0.693621     0.290936
      83.9975      86.8746      286.393     0.706125     0.287553
      85.5531      84.5878      278.854     0.713808     0.284950
      87.0802      83.2043      274.293     0.733806     0.282830
      88.5626      82.9377      273.414     0.764623     0.282388
      89.5240      95.7731      315.728     0.765854     0.283035
      85.9303      86.2557      284.353     0.721386     0.285865
      85.2533      85.0028      280.222     0.721326     0.286526
      84.2278      83.1460      274.101     0.708234     0.287220
      83.0090      82.5946      272.283     0.696451     0.288246
