Smoothed widths (nm) and other variables
Number of airmasses =       21
airmass, W_CH4, W_NH3(4 bar), W_NH3(3 bar), W_NH3(1 bar)
      2.00000      2.18996     0.582707     0.582707     0.582707
      2.20000      2.15493     0.560762     0.555411     0.459573
      2.40000      2.06154     0.520385     0.508454     0.303438
      2.60000      1.96611     0.479361     0.460814     0.176137
      2.80000      1.91130     0.451165     0.426858     0.103962
      3.00000      1.84938     0.420727     0.390510    0.0551997
      3.20000      1.76681     0.383765     0.347201    0.0242635
      3.40000      1.71528     0.356609     0.314351    0.0149045
      3.60000      1.66952     0.331276     0.283445   0.00828208
      3.80000      1.66510     0.318994     0.266460   0.00581531
      4.00000      1.65538     0.305040     0.247686   0.00329502
      4.20000      1.65308     0.293429     0.231403   0.00244097
      4.40000      1.63702     0.277476     0.210486   0.00142222
      4.60000      1.62455     0.262653     0.191041  0.000625533
      4.80000      1.63280     0.254371     0.178624  0.000485187
      5.00000      1.60750     0.235496     0.155066  0.000254764
      5.20000      1.62422     0.229889     0.145858  0.000137179
      5.40000      1.60673     0.213469     0.126334  7.65955e-05
      5.60000      1.65365     0.217398     0.127055  7.43937e-05
      5.80000      1.63165     0.199553     0.106114  4.46078e-05
      6.00000      1.62804     0.187581    0.0928998  2.21835e-05
 
airmass, p_sound(4 bar), p_sound(3 bar), p_sound(1 bar)
      2.00000      4.00000      3.00000      1.00000
      2.20000      3.57731      2.69080     0.896215
      2.40000      3.13699      2.35555     0.784041
      2.60000      2.77117      2.07566     0.691537
      2.80000      2.50003      1.87552     0.624872
      3.00000      2.25674      1.69254     0.564007
      3.20000      2.02298      1.51261     0.505485
      3.40000      1.85012      1.38617     0.462470
      3.60000      1.69943      1.27581     0.425143
      3.80000      1.60309      1.20514     0.401042
      4.00000      1.51304      1.13797     0.378196
      4.20000      1.44129      1.08232     0.360397
      4.40000      1.36500      1.02314     0.341470
      4.60000      1.29669     0.971728     0.324686
      4.80000      1.24875     0.936545     0.312686
      5.00000      1.17990     0.886019     0.295452
      5.20000      1.14621     0.860733     0.287004
      5.40000      1.09191     0.818845     0.273406
      5.60000      1.08367     0.812486     0.271344
      5.80000      1.03242     0.772952     0.258526
      6.00000     0.995951     0.745513     0.249373
 
Pressure (bar), X_CH4 (m-amagat), X_NH3 (m-amagat) [2-way column abundances
   0.00248631      1511.23      156.401
   0.00566865      1107.71      111.814
    0.0129239      815.412      79.5161
    0.0233243      602.012      55.9370
    0.0317971      477.022      42.1264
    0.0433463      412.533      35.0004
    0.0590913      358.887      29.0726
    0.0692862      311.274      23.8116
    0.0800240      269.190      19.1617
    0.0924251      234.016      15.2752
     0.106304      201.613      11.6949
     0.121368      174.934      8.74698
     0.138578      152.029      6.21496
     0.158220      131.826      4.01359
     0.182877      115.023      2.28096
     0.211970      99.8503      1.04595
     0.245673      87.2151     0.438908
     0.284471      76.0270     0.151873
     0.328556      66.0515    0.0573959
     0.379480      57.4240    0.0177477
     0.438285      49.4115   0.00310635
     0.503410      42.8091  0.000401110
     0.577015      36.9602  4.39312e-05
     0.661367      31.7498  7.28366e-06
     0.758585      27.4559  7.92245e-07
     0.872740      23.6461  1.11237e-07
      1.00408      20.6704  1.95878e-08
      1.15523      18.1131  2.48334e-09
      1.33230      15.7831  5.12209e-10
      1.53885      13.7762  5.62435e-11
      1.77731      11.8237  9.07035e-12
      2.05214      10.2166  1.23272e-12
      2.36353      8.71416  1.05277e-13
      2.72203      6.30682  1.81490e-15
      3.13503      4.56578  2.50244e-17
      3.95668      3.31335  2.55778e-19
      5.38957      1.74210  9.64060e-23
      7.34141     0.670557  7.19153e-28
      10.0000     0.198974  1.00023e-32
 
Pressure (bar), alpha(pressure)
   0.00248631  2.19810e+30
   0.00566865  1.03030e+26
    0.0129239  1.99673e+21
    0.0233243  1.43138e+18
    0.0317971  2.01605e+16
    0.0433463  3.83981e+14
    0.0590913  9.14626e+12
    0.0692862  9.15785e+11
    0.0800240  1.44039e+11
    0.0924251  2.70650e+10
     0.106304  3.40483e+09
     0.121368  8.05951e+08
     0.138578  1.16604e+08
     0.158220  2.34889e+07
     0.182877  3.82938e+06
     0.211970      481663.
     0.245673      92963.6
     0.284471      11793.0
     0.328556      1757.63
     0.379480      357.523
     0.438285      127.161
     0.503410      55.3144
     0.577015      21.9568
     0.661367      10.5485
     0.758585      5.57211
     0.872740      3.62928
      1.00408      2.70297
      1.15523      2.20988
      1.33230      1.90491
      1.53885      1.69282
      1.77731      1.55231
      2.05214      1.44446
      2.36353      1.36403
      2.72203      1.30238
      3.13503      1.25123
      3.95668      1.18921
      5.38957      1.13311
      7.34141      1.09467
      10.0000      1.06769
