nlat =       81
Ammonia abundances in units of ppm. alpha(p)-corrected
Latitude (centric), Retrieved NH3 (ppm), retrieved NH3 error (ppm), FIT f_NH3, FIT f_NH3_error,HILL f_NH3
     -40.0000      155.480      8.87310      157.668      7.68082      149.880
     -39.0000      156.700      8.80650      159.076      7.65121      151.511
     -38.0000      157.040      8.70020      157.974      7.48597      149.711
     -37.0000      157.520      8.66860      156.973      7.45019      147.440
     -36.0000      156.270      8.59680      156.179      7.38051      146.418
     -35.0000      154.660      8.50600      154.996      7.20476      145.885
     -34.0000      156.170      8.42440      154.405      7.03197      149.118
     -33.0000      160.470      8.31550      155.069      6.76219      154.259
     -32.0000      163.210      8.22690      156.156      6.62504      156.141
     -31.0000      164.270      8.35910      156.631      6.65197      158.206
     -30.0000      164.000      8.59450      156.756      6.78871      159.996
     -29.0000      163.480      8.77490      158.468      7.01465      163.610
     -28.0000      162.660      8.86490      159.421      7.12812      165.115
     -27.0000      162.550      8.89470      158.836      7.10288      164.235
     -26.0000      161.370      8.81620      157.138      7.04232      161.872
     -25.0000      157.270      8.70090      153.797      6.92027      154.190
     -24.0000      153.760      8.64190      150.928      6.77884      149.446
     -23.0000      151.640      8.53190      149.537      6.65388      148.042
     -22.0000      151.360      8.41500      148.488      6.53954      147.362
     -21.0000      151.720      8.34690      148.020      6.43026      146.077
     -20.0000      155.380      8.28680      150.411      6.36108      145.879
     -19.0000      159.760      8.19930      153.442      6.34057      145.727
     -18.0000      159.410      8.07920      154.145      6.36463      143.732
     -17.0000      154.300      8.03410      152.760      6.46697      139.098
     -16.0000      149.230      8.02160      151.048      6.64291      135.488
     -15.0000      149.340      8.15100      150.647      6.77418      135.641
     -14.0000      152.680      8.17950      153.627      6.73322      139.119
     -13.0000      157.370      8.02250      157.130      6.57778      142.477
     -12.0000      160.850      7.94290      159.257      6.44440      145.382
     -11.0000      163.720      7.91150      160.754      6.35876      149.265
     -10.0000      164.650      7.76650      160.679      6.21630      151.618
     -9.00000      157.650      7.46080      155.151      6.04193      146.509
     -8.00000      148.130      7.18210      146.940      5.83220      138.170
     -7.00000      145.800      7.16760      144.117      5.69932      137.090
     -6.00000      149.610      7.43320      145.260      5.71551      140.669
     -5.00000      151.740      7.74630      146.529      5.82414      142.824
     -4.00000      150.670      7.93250      144.858      5.95969      141.026
     -3.00000      150.250      8.09770      143.135      6.04207      138.716
     -2.00000      153.640      8.26440      146.176      6.15293      141.456
     -1.00000      159.810      8.42360      152.679      6.29998      148.218
      0.00000      170.330      8.74810      161.312      6.40242      157.719
      1.00000      184.860      9.07940      170.075      6.46015      167.716
      2.00000      194.700      9.15030      175.369      6.43564      173.113
      3.00000      197.690      9.16650      176.381      6.35073      174.289
      4.00000      191.270      8.92090      172.904      6.25454      170.057
      5.00000      178.560      8.52360      166.740      6.22236      161.553
      6.00000      165.870      8.36070      160.259      6.31615      151.746
      7.00000      152.740      8.46270      152.242      6.57640      138.521
      8.00000      137.430      8.70760      139.722      6.96069      119.736
      9.00000      124.010      8.67080      127.602      7.33205      101.676
      10.0000      117.520      8.36560      124.127      7.54653      94.0079
      11.0000      116.990      7.99180      126.481      7.36392      95.5188
      12.0000      118.960      7.62590      127.837      6.83074      100.015
      13.0000      120.290      7.32110      127.286      6.35443      104.036
      14.0000      120.010      7.13690      125.517      6.06920      106.800
      15.0000      118.100      7.02570      123.244      5.98400      107.923
      16.0000      113.930      7.00820      120.287      6.05539      106.532
      17.0000      111.520      7.15320      117.972      6.12179      106.961
      18.0000      112.090      7.28670      117.725      6.15133      108.346
      19.0000      115.300      7.46940      120.871      6.26776      112.394
      20.0000      123.180      7.91460      128.896      6.53252      121.422
      21.0000      132.810      8.36680      137.633      6.85372      130.792
      22.0000      142.380      8.55860      146.132      7.05484      139.767
      23.0000      150.410      8.69310      152.121      7.09673      146.191
      24.0000      155.080      8.96030      154.618      7.20972      148.131
      25.0000      157.240      9.27280      156.669      7.43918      148.216
      26.0000      158.130      9.36470      156.446      7.53093      148.791
      27.0000      159.810      9.37390      155.640      7.45112      148.120
      28.0000      162.610      9.37910      156.279      7.29930      149.652
      29.0000      163.280      9.32090      156.055      7.18203      152.024
      30.0000      163.060      9.22680      155.472      7.14363      153.503
      31.0000      161.300      9.11970      155.423      7.20070      152.580
      32.0000      160.000      9.17410      154.447      7.29995      149.593
      33.0000      158.670      9.18340      152.247      7.34016      144.857
      34.0000      158.370      9.18640      151.460      7.33690      142.629
      35.0000      159.030      9.17370      153.640      7.25370      144.929
      36.0000      158.570      8.93020      156.267      7.13200      149.689
      37.0000      156.310      8.62820      155.388      6.99754      148.752
      38.0000      155.940      8.52160      152.537      6.86152      145.560
      39.0000      159.240      8.71180      153.656      6.86959      147.545
      40.0000      161.080      8.80880      153.645      6.85258      148.395
 
MWR ammonia values at 1, 2, 3, 4, 5 bar from Guillot et al. (2020)
nlat =       37
Latitude (centric), NH3 (ppm) at 1, 2, 3, 4, and 5 bar
     -49.3000      214.915      236.806      245.294      244.325      239.909
     -46.2000      240.510      244.679      240.049      227.910      220.947
     -43.0000      205.838      223.189      231.513      237.585      241.844
     -39.9000      205.632      239.759      237.747      227.676      225.328
     -36.8000      224.296      232.809      233.113      227.584      227.586
     -33.9000      202.276      237.922      248.408      247.022      250.177
     -31.1000      243.525      246.421      234.234      229.675      224.787
     -28.3000      236.801      251.066      248.885      240.895      239.756
     -25.6000      239.941      241.948      237.981      230.970      228.276
     -23.0000      218.985      246.121      252.231      249.043      239.449
     -20.4000      266.523      246.089      244.194      243.208      241.082
     -17.9000      193.830      225.320      234.972      240.469      242.874
     -15.4000      162.146      222.211      241.324      248.563      255.669
     -12.9000      179.754      234.212      250.333      248.829      250.732
     -10.5000      227.429      244.516      247.143      245.772      247.870
     -8.10000      205.207      228.019      228.049      223.240      225.076
     -5.70000      287.201      281.516      259.751      240.680      234.044
     -3.30000      261.994      267.086      264.817      258.685      253.007
    -0.900000      276.784      279.902      265.821      246.537      247.055
      1.50000      351.297      344.719      335.423      333.754      335.746
      3.90000      425.123      414.154      400.586      393.650      382.148
      6.30000      212.430      287.510      325.551      345.978      354.029
      8.70000      70.1508      133.837      169.786      190.118      208.354
      11.1000      137.620      146.675      167.393      189.677      206.582
      13.6000      130.158      164.540      173.920      177.906      188.326
      16.0000      168.669      177.788      173.118      163.971      168.899
      18.5000      204.040      182.206      176.311      173.206      178.249
      21.1000      213.935      225.391      236.746      249.702      250.724
      23.6000      204.174      235.101      253.735      261.399      256.493
      26.3000      240.468      240.339      244.261      244.616      240.123
      29.0000      241.506      254.057      252.452      242.236      233.227
      31.7000      250.455      246.434      238.066      227.370      220.697
      34.6000      217.437      241.999      246.485      246.623      248.480
      37.6000      239.396      244.089      240.380      228.583      225.060
      40.6000      222.036      246.513      249.372      242.776      235.151
      43.8000      224.810      235.713      236.579      235.758      234.380
      47.0000      198.518      228.842      239.763      237.914      236.906
 
MWR/VLA ammonia values at 1, 2, 3, 4, 5 bar from Moeckel et al. (2023)
nlat =      241
Latitude (centric), NH3 (ppm) at 1, 2, 3, 4, and 5 bar
     -60.0000      255.466      256.449      263.412      268.460      268.628
     -59.5000      255.979      256.875      261.918      265.573      265.699
     -59.0000      256.407      257.388      261.424      264.349      264.532
     -58.5000      255.882      256.812      260.679      263.482      263.678
     -58.0000      256.577      257.489      259.295      260.605      260.777
     -57.5000      256.440      257.308      258.351      259.106      259.286
     -57.0000      255.992      256.816      258.363      259.484      259.640
     -56.5000      255.830      256.649      258.410      259.687      259.794
     -56.0000      255.110      255.934      258.970      261.171      261.279
     -55.5000      255.618      256.465      258.342      259.702      259.767
     -55.0000      255.432      256.299      257.967      259.176      259.232
     -54.5000      255.410      256.246      257.095      257.710      257.799
     -54.0000      254.451      255.264      256.980      258.225      258.341
     -53.5000      254.321      255.133      256.392      257.304      257.517
     -53.0000      253.526      254.406      255.645      256.543      256.685
     -52.5000      252.075      253.015      255.256      256.881      257.026
     -52.0000      251.197      252.169      254.598      256.360      256.460
     -51.5000      250.912      251.902      254.220      255.900      256.041
     -51.0000      250.861      251.873      253.988      255.520      255.618
     -50.5000      250.952      251.965      253.466      254.554      254.679
     -50.0000      251.340      252.329      252.985      253.460      253.537
     -49.5000      251.613      252.553      252.697      252.801      252.863
     -49.0000      251.916      252.803      252.789      252.779      252.891
     -48.5000      252.373      253.193      253.152      253.122      253.448
     -48.0000      253.269      253.949      253.850      253.778      254.109
     -47.5000      254.252      254.650      254.440      254.288      254.555
     -47.0000      254.826      254.927      254.363      253.955      253.909
     -46.5000      255.808      254.432      253.622      253.038      252.984
     -46.0000      254.668      254.111      252.693      251.667      251.693
     -45.5000      253.157      253.360      251.722      250.535      250.737
     -45.0000      251.238      252.011      250.941      250.164      250.293
     -44.5000      249.664      250.574      250.214      249.953      250.019
     -44.0000      248.687      249.803      249.919      250.003      250.041
     -43.5000      247.991      249.125      249.551      249.861      249.941
     -43.0000      247.050      248.180      249.142      249.840      249.937
     -42.5000      245.531      246.669      248.655      250.095      250.173
     -42.0000      242.534      243.733      248.472      251.908      251.971
     -41.5000      238.904      240.163      248.379      254.335      254.395
     -41.0000      236.194      237.529      247.906      255.428      255.495
     -40.5000      234.033      235.382      247.758      256.730      256.810
     -40.0000      233.023      234.358      247.877      257.677      257.768
     -39.5000      233.170      234.491      248.414      258.507      258.605
     -39.0000      234.252      235.544      249.120      258.962      259.066
     -38.5000      235.484      236.702      249.960      259.571      259.692
     -38.0000      236.118      237.280      251.262      261.399      261.565
     -37.5000      237.733      238.868      251.699      261.002      261.250
     -37.0000      237.128      238.306      252.294      262.435      262.886
     -36.5000      235.107      236.303      253.065      265.217      266.085
     -36.0000      233.716      234.942      253.345      266.687      268.545
     -35.5000      233.142      234.391      253.501      267.354      270.835
     -35.0000      235.501      236.819      250.609      260.605      269.550
     -34.5000      233.707      234.767      253.834      267.658      273.181
     -34.0000      232.719      233.855      256.162      272.335      274.859
     -33.5000      233.076      234.269      257.827      274.906      275.301
     -33.0000      235.842      237.079      258.216      273.539      273.831
     -32.5000      240.199      241.337      258.655      271.210      271.384
     -32.0000      245.637      246.657      259.328      268.514      268.590
     -31.5000      253.855      254.841      260.345      264.334      264.358
     -31.0000      259.173      259.944      261.500      262.628      262.626
     -30.5000      262.141      262.758      262.757      262.756      262.738
     -30.0000      263.148      263.661      263.656      263.652      263.636
     -29.5000      263.352      263.857      263.849      263.843      263.831
     -29.0000      262.644      263.165      263.156      263.149      263.137
     -28.5000      261.317      261.848      261.845      261.843      261.826
     -28.0000      259.971      260.543      260.552      260.558      260.535
     -27.5000      258.984      259.602      259.623      259.638      259.589
     -27.0000      258.554      259.209      259.240      259.263      259.185
     -26.5000      258.393      259.059      259.095      259.121      258.851
     -26.0000      257.910      258.548      258.570      258.586      258.421
     -25.5000      257.226      257.874      257.856      257.843      257.768
     -25.0000      256.538      257.175      257.050      256.960      256.946
     -24.5000      256.246      256.851      256.372      256.024      255.980
     -24.0000      256.107      256.670      255.786      255.146      255.061
     -23.5000      255.973      256.513      255.805      255.292      255.091
     -23.0000      256.496      257.027      256.541      256.188      255.891
     -22.5000      257.874      258.392      258.213      258.084      257.586
     -22.0000      260.476      260.967      260.909      260.867      259.719
     -21.5000      263.466      263.956      263.959      263.961      262.072
     -21.0000      266.135      266.692      266.702      266.710      264.150
     -20.5000      267.746      268.554      268.580      268.599      265.919
     -20.0000      267.904      269.302      269.362      269.404      267.696
     -19.5000      265.717      268.649      268.789      268.886      268.208
     -19.0000      262.063      267.222      267.516      267.721      267.599
     -18.5000      249.945      264.198      264.895      265.379      265.380
     -18.0000      247.385      258.079      259.330      260.222      260.231
     -17.5000      244.822      250.358      253.261      255.357      255.381
     -17.0000      243.748      245.152      248.512      250.948      250.972
     -16.5000      238.681      239.682      245.017      248.885      248.920
     -16.0000      234.729      235.859      244.341      250.490      250.544
     -15.5000      231.903      233.086      246.420      256.086      256.172
     -15.0000      230.981      232.178      248.945      261.101      261.210
     -14.5000      231.598      232.801      251.052      264.283      264.399
     -14.0000      232.808      234.002      253.532      267.691      267.830
     -13.5000      234.766      235.941      256.299      271.058      271.231
     -13.0000      236.878      238.033      259.545      275.140      275.339
     -12.5000      238.476      239.626      262.493      279.071      279.245
     -12.0000      239.114      240.275      264.593      282.222      282.369
     -11.5000      239.294      240.481      265.721      284.019      284.160
     -11.0000      240.136      241.311      266.320      284.450      284.603
     -10.5000      242.471      243.633      266.944      283.844      283.991
     -10.0000      245.894      247.006      268.093      283.380      283.534
     -9.50000      248.326      249.417      269.341      283.785      283.862
     -9.00000      248.843      249.951      269.958      284.462      284.532
     -8.50000      246.852      248.123      270.042      285.933      285.493
     -8.00000      245.137      246.700      268.913      285.016      285.669
     -7.50000      243.241      245.615      270.574      288.666      289.263
     -7.00000      243.525      247.294      275.607      296.129      296.632
     -6.50000      246.901      254.375      283.983      305.438      305.663
     -6.00000      256.031      267.531      293.109      311.636      311.833
     -5.50000      255.317      291.413      304.174      313.371      313.471
     -5.00000      277.313      299.656      306.960      312.222      312.269
     -4.50000      293.905      304.126      306.609      308.394      308.359
     -4.00000      301.128      301.547      302.775      303.666      303.642
     -3.50000      297.831      298.281      298.699      299.002      298.994
     -3.00000      294.110      294.614      295.269      295.743      295.754
     -2.50000      291.862      292.420      293.974      295.101      295.137
     -2.00000      292.140      292.811      294.968      296.532      296.507
     -1.50000      294.626      295.464      299.786      302.919      302.930
     -1.00000      301.007      301.899      309.317      314.694      314.734
    -0.500000      312.885      313.671      322.459      328.830      328.897
      0.00000      330.036      330.578      337.908      343.222      343.285
     0.500000      349.239      349.487      354.439      358.029      358.080
      1.00000      370.390      370.402      370.674      370.871      370.881
      1.50000      390.312      390.128      385.418      382.003      381.968
      2.00000      411.488      411.106      401.059      393.774      391.648
      2.50000      427.901      427.029      416.479      408.831      402.034
      3.00000      434.672      433.604      428.651      425.059      411.762
      3.50000      432.106      431.105      428.828      427.178      414.883
      4.00000      422.309      421.854      420.797      420.030      412.627
      4.50000      391.524      411.568      411.125      410.773      407.762
      5.00000      333.025      402.781      403.560      404.016      402.557
      5.50000      241.200      386.553      394.348      399.774      399.218
      6.00000      187.336      345.866      372.848      392.164      392.121
      6.50000      158.661      280.099      338.541      380.724      380.988
      7.00000      148.066      215.779      298.895      359.051      359.537
      7.50000      142.070      172.929      260.769      324.406      324.928
      8.00000      135.339      151.938      229.625      285.924      286.389
      8.50000      131.982      142.300      210.144      259.318      259.741
      9.00000      128.536      138.965      201.020      246.002      246.448
      9.50000      127.457      141.826      196.519      236.168      236.632
      10.0000      129.429      148.472      191.149      222.088      227.900
      10.5000      136.348      157.800      186.062      206.547      222.280
      11.0000      145.768      168.578      179.784      187.900      218.958
      11.5000      158.204      175.498      181.144      185.224      215.206
      12.0000      167.333      179.109      181.618      183.429      210.998
      12.5000      171.902      182.862      184.124      185.027      204.213
      13.0000      176.936      184.976      185.729      186.266      193.600
      13.5000      180.679      184.805      185.412      185.849      189.626
      14.0000      182.489      185.417      186.029      186.471      188.146
      14.5000      184.754      187.043      187.654      188.096      188.906
      15.0000      187.171      189.176      189.980      190.562      190.954
      15.5000      189.755      191.480      191.645      191.764      191.946
      16.0000      192.249      193.803      193.900      193.970      194.060
      16.5000      194.837      196.275      195.582      195.080      195.113
      17.0000      197.428      198.841      196.370      194.579      194.575
      17.5000      200.323      201.769      196.771      193.147      193.118
      18.0000      202.409      203.994      198.926      195.253      195.223
      18.5000      202.112      208.814      205.789      203.589      203.572
      19.0000      198.969      218.477      217.086      216.049      216.041
      19.5000      191.548      232.021      231.205      230.553      230.547
      20.0000      191.623      241.202      240.930      240.658      240.654
      20.5000      198.637      243.943      246.456      248.209      248.219
      21.0000      209.276      241.845      250.522      256.763      256.836
      21.5000      220.868      233.916      253.183      267.132      267.298
      22.0000      225.445      232.689      257.252      275.050      275.281
      22.5000      229.760      233.543      262.112      282.820      282.988
      23.0000      235.551      237.982      267.045      288.113      288.260
      23.5000      242.998      244.662      270.588      289.383      289.515
      24.0000      250.293      251.555      273.440      289.305      289.423
      24.5000      255.390      256.431      274.661      287.876      287.983
      25.0000      257.926      258.846      273.787      284.618      284.833
      25.5000      258.430      259.287      271.433      280.239      280.579
      26.0000      259.859      260.648      269.317      275.601      276.053
      26.5000      262.440      263.145      268.709      272.743      272.921
      27.0000      266.348      266.951      269.302      271.007      271.134
      27.5000      269.106      269.636      270.573      271.252      271.287
      28.0000      271.673      272.155      272.026      271.932      271.810
      28.5000      273.820      274.264      272.897      271.907      271.604
      29.0000      274.613      275.044      272.635      270.888      270.442
      29.5000      274.287      274.725      271.491      269.146      268.981
      30.0000      273.374      273.827      270.431      267.969      267.841
      30.5000      272.140      272.619      269.397      267.061      267.002
      31.0000      271.109      271.601      268.147      265.643      265.605
      31.5000      269.438      269.961      266.697      264.330      264.310
      32.0000      267.462      267.864      265.158      263.197      263.189
      32.5000      265.827      265.309      263.663      262.472      262.476
      33.0000      265.282      263.329      262.596      262.069      262.079
      33.5000      266.068      262.896      262.352      261.964      261.966
      34.0000      265.645      264.055      263.558      263.201      263.201
      34.5000      266.480      266.136      265.531      265.094      265.091
      35.0000      267.539      267.628      267.441      267.307      267.302
      35.5000      269.232      269.505      269.394      269.314      269.307
      36.0000      270.113      270.463      270.413      270.377      270.363
      36.5000      271.067      271.437      271.408      271.387      271.337
      37.0000      271.033      271.422      271.397      271.379      271.143
      37.5000      270.120      270.549      270.517      270.494      269.997
      38.0000      268.832      269.265      269.202      269.157      268.501
      38.5000      267.208      267.694      267.616      267.559      267.110
      39.0000      266.453      266.965      266.891      266.838      266.378
      39.5000      265.245      265.763      265.670      265.603      264.940
      40.0000      265.566      266.085      265.995      265.930      265.505
      40.5000      266.585      267.149      267.109      267.081      266.712
      41.0000      267.862      268.410      268.758      269.011      268.881
      41.5000      268.841      269.373      270.657      271.587      271.538
      42.0000      268.538      269.110      271.763      273.686      273.702
      42.5000      267.655      268.260      271.804      274.374      274.387
      43.0000      265.760      266.376      270.943      274.254      274.282
      43.5000      263.222      263.877      269.678      273.884      273.921
      44.0000      260.932      261.616      268.405      273.327      273.369
      44.5000      259.416      260.113      266.806      271.657      271.685
      45.0000      258.657      259.350      265.546      270.038      270.046
      45.5000      258.476      259.168      264.219      267.881      267.862
      46.0000      256.343      257.097      263.815      268.686      268.717
      46.5000      256.184      256.946      262.845      267.121      267.171
      47.0000      256.521      257.242      262.284      265.939      266.011
      47.5000      256.963      258.291      262.114      264.885      264.994
      48.0000      257.682      259.804      262.314      264.130      264.250
      48.5000      258.093      261.200      262.754      263.877      264.081
      49.0000      260.194      261.686      263.256      264.393      264.609
      49.5000      260.743      261.857      263.703      265.041      265.367
      50.0000      261.501      262.310      263.582      264.503      264.798
      50.5000      260.374      261.164      263.705      265.547      265.771
      51.0000      258.097      258.897      263.740      267.251      267.373
      51.5000      256.384      257.200      263.363      267.830      267.957
      52.0000      254.871      255.692      262.655      267.703      267.876
      52.5000      252.836      253.686      262.402      268.721      268.961
      53.0000      251.354      252.213      262.140      269.338      269.671
      53.5000      250.394      251.286      262.069      269.886      270.281
      54.0000      249.999      250.913      262.327      270.602      270.999
      54.5000      250.407      251.319      262.573      270.732      271.029
      55.0000      251.229      252.126      262.642      270.266      270.605
      55.5000      252.494      253.375      262.338      268.837      269.124
      56.0000      253.208      254.092      262.379      268.387      268.692
      56.5000      254.913      255.805      261.496      265.622      265.968
      57.0000      255.364      256.279      261.189      264.749      265.182
      57.5000      256.325      257.279      260.511      262.854      263.433
      58.0000      256.095      256.977      260.948      263.826      264.319
      58.5000      258.569      259.391      259.431      259.459      259.416
      59.0000      257.667      258.499      262.855      266.013      266.305
      59.5000      258.605      259.389      261.559      263.132      263.143
      60.0000      258.731      259.509      262.897      265.353      265.377
