Smoothed widths (nm) and other variables
Number of airmasses =       21
airmass, W_CH4, W_NH3(4 bar), W_NH3(3 bar), W_NH3(1 bar)
      2.25000      2.11024     0.158800     0.148732    0.0758539
      2.43750      2.09201     0.150705     0.132414    0.0384867
      2.62500      2.07644     0.142902     0.116766    0.0158636
      2.81250      2.00637     0.129110    0.0935495   0.00685291
      3.00000      1.96995     0.119016    0.0764684   0.00318126
      3.18750      1.93654     0.109252    0.0611174   0.00113597
      3.37500      1.89646    0.0987599    0.0475528  0.000671956
      3.56250      1.86176    0.0888700    0.0365046  0.000287331
      3.75000      1.83715    0.0801612    0.0281269  0.000189073
      3.93750      1.80664    0.0709749    0.0201893  8.93009e-05
      4.12500      1.79022    0.0633072    0.0153581  6.27717e-05
      4.31250      1.77615    0.0564699    0.0106603  3.69507e-05
      4.50000      1.78333    0.0518028   0.00833147  2.06436e-05
      4.68750      1.80421    0.0485285   0.00709053  1.80356e-05
      4.87500      1.82640    0.0454347   0.00588847  1.55124e-05
      5.06250      1.83869    0.0423899   0.00439234  1.23470e-05
      5.25000      1.85567    0.0397335   0.00303582  9.48657e-06
      5.43750      1.85567    0.0356723   0.00250497  6.22601e-06
      5.62500      1.78939    0.0270499   0.00151005  3.88521e-06
      5.81250      1.78354    0.0238680   0.00101669  2.72977e-06
      6.00000      1.78354    0.0210511  0.000839321  1.78535e-06
 
airmass, p_sound(4 bar), p_sound(3 bar), p_sound(1 bar)
      2.25000      4.43680      2.67326     0.890200
      2.43750      4.05430      2.44268     0.813360
      2.62500      3.73506      2.25063     0.748503
      2.81250      3.36828      2.03097     0.677251
      3.00000      3.10121      1.87052     0.623468
      3.18750      2.87517      1.73003     0.576274
      3.37500      2.66253      1.59649     0.533745
      3.56250      2.47325      1.48462     0.497014
      3.75000      2.31696      1.39427     0.466129
      3.93750      2.17079      1.30739     0.436742
      4.12500      2.05397      1.23588     0.412871
      4.31250      1.94990      1.17217     0.391601
      4.50000      1.87671      1.12777     0.376751
      4.68750      1.82311      1.09543     0.366222
      4.87500      1.77481      1.06634     0.356750
      5.06250      1.71911      1.03387     0.346174
      5.25000      1.67174      1.00625     0.337180
      5.43750      1.61244     0.971938     0.325810
      5.62500      1.50193     0.906783     0.303518
      5.81250      1.45015     0.875079     0.292671
      6.00000      1.40610     0.847123     0.283472
 
Pressure (bar), X_CH4 (m-amagat), X_NH3 (m-amagat) [2-way column abundances
   0.00248631      9902.95      331.183
   0.00566865      7251.30      228.064
    0.0129239      5329.22      153.320
    0.0233243      3930.23      98.9143
    0.0317971      3114.38      67.1872
    0.0433463      2693.54      50.8211
    0.0590913      2344.28      37.2525
    0.0692862      2033.75      25.4033
    0.0800240      1759.62      15.5395
    0.0924251      1529.76      8.81314
     0.106304      1318.90      4.16133
     0.121368      1145.37      1.58487
     0.138578      995.056     0.411567
     0.158220      863.352     0.124480
     0.182877      753.250    0.0316178
     0.211960      653.748   0.00787635
     0.245673      571.352   0.00173257
     0.284471      497.184  0.000419323
     0.328556      432.441  0.000111743
     0.379480      374.976  2.30571e-05
     0.438285      323.204  5.79409e-06
     0.503410      280.188  1.45947e-06
     0.577015      241.162  5.30696e-07
     0.661367      207.452  2.18858e-07
     0.758585      179.649  1.01520e-07
     0.872740      154.136  5.27588e-08
      1.00408      135.041  2.59073e-08
      1.15523      117.833  9.88668e-09
      1.33230      102.899  2.65587e-09
      1.53885      89.4546  8.55869e-11
      1.77731      76.8655  9.89034e-12
      2.05214      66.5640  2.58979e-12
      2.36353      56.3830  5.84561e-13
      2.72203      41.0122  3.60016e-14
      3.13503      29.5338  2.15812e-15
      3.95668      21.3195  1.77016e-16
      5.38957      11.2681  2.62120e-18
      7.34141      4.32354  8.86571e-22
      10.0000      1.34615  1.34793e-24
 
Pressure (bar), alpha(pressure)
   0.00248631  3.88373e+22
   0.00566865  1.89649e+20
    0.0129239  1.67176e+17
    0.0233243  4.68371e+15
    0.0317971  5.32192e+14
    0.0433463  4.43013e+13
    0.0590913  3.75097e+12
    0.0692862  9.99542e+11
    0.0800240  3.02236e+11
    0.0924251  4.06463e+10
     0.106304  1.50671e+09
     0.121368  4.63491e+08
     0.138578  2.02706e+08
     0.158220  1.13614e+08
     0.182877  6.88173e+07
     0.211960  3.68622e+07
     0.245673  1.76721e+07
     0.284471  7.46590e+06
     0.328556  2.16929e+06
     0.379480      632447.
     0.438285      150498.
     0.503410      46109.9
     0.577015      12824.5
     0.661367      3227.83
     0.758585      926.474
     0.872740      269.721
      1.00408      94.0227
      1.15523      28.1047
      1.33230      12.3255
      1.53885      6.75020
      1.77731      4.40360
      2.05214      3.11338
      2.36353      2.44726
      2.72203      2.06113
      3.13503      1.80265
      3.95668      1.54520
      5.38957      1.35173
      7.34141      1.23647
      10.0000      1.16284
