Jupiter profile abundances and equivalent width calculations
Number of pressure levels = 39
Press(bar),W_CH4,W_NH3,CH4 VMR, NH3 VMR
      10.0000      5.53487      2.79825   0.00180840  0.000199820
      7.34141      4.31395      2.16778   0.00180840  0.000199820
      5.38957      3.32998      1.64388   0.00180904  0.000199891
      3.95668      2.55081      1.22674   0.00181113  0.000200123
      3.13503      2.06853     0.962344   0.00181158  0.000200178
      2.72203      1.81157     0.819113   0.00181166  0.000200186
      2.36353      1.59325     0.693362   0.00181172  0.000200190
      2.05214      1.39620     0.579023   0.00181178  0.000200190
      1.77731      1.21982     0.474355   0.00181180  0.000200190
      1.53885      1.07048     0.383989   0.00181180  0.000200190
      1.33230     0.931958     0.297776   0.00181180  0.000200190
      1.15523     0.817218     0.225225   0.00181144  0.000200190
      1.00408     0.718176     0.160801   0.00181048  0.000200190
     0.872740     0.630188     0.102798   0.00180664  0.000192020
     0.758585     0.556810    0.0568389   0.00180180  0.000178462
     0.661367     0.488691    0.0235548   0.00180192  0.000116966
     0.577015     0.429216   0.00735128   0.00180202  6.45065e-05
     0.503410     0.374946  0.000514328   0.00180208  2.96609e-05
     0.438285     0.325362  0.000157356   0.00180210  1.19937e-05
     0.379480     0.281901  0.000115693   0.00180210  4.79498e-06
     0.328556     0.241665  9.67979e-05   0.00180210  1.97932e-06
     0.284471     0.208565  8.18968e-05   0.00180210  1.79992e-07
     0.245673     0.179209  6.84857e-05   0.00180210  4.49120e-08
     0.211970     0.153050  5.68628e-05   0.00180210  6.07659e-09
     0.182877     0.131504  4.73261e-05   0.00180182  4.85797e-10
     0.158220     0.112370  3.89814e-05   0.00180015  1.68637e-10
     0.138578    0.0976551  3.24249e-05   0.00179728  1.96720e-11
     0.121368    0.0849462  2.71201e-05   0.00179314  5.02516e-12
     0.106304    0.0734470  2.24710e-05   0.00179210  7.99922e-13
    0.0924251    0.0635840  1.82986e-05   0.00179210  6.23534e-14
    0.0800240    0.0539421  1.46627e-05   0.00179210  2.50646e-14
    0.0692862    0.0461486  1.13249e-05   0.00179210  2.37010e-15
    0.0590913    0.0390190  9.00030e-06   0.00179210  3.49514e-16
    0.0433463    0.0277634  6.07967e-06   0.00178677  5.61153e-18
    0.0317971    0.0194971  4.11272e-06   0.00178210  1.62012e-19
    0.0233243    0.0138727  2.86102e-06   0.00178210  2.42785e-21
    0.0129239   0.00704068  8.94070e-07   0.00177016  1.24891e-24
   0.00566865   0.00259185      0.00000   0.00175733  2.19655e-29
   0.00248631  0.000757813  5.96046e-08   0.00172174  7.15695e-34
 
Saturn profile abundances and equivalent width calculations
Number of pressure levels = 39
Press(bar),W_CH4,W_NH3,CH4 VMR, NH3 VMR
      40.5200      23.3869      10.0104   0.00450000  0.000175000
      31.9855      22.0185      9.02336   0.00450000  0.000175000
      25.2490      20.5333      8.06328   0.00450000  0.000175000
      19.9308      19.1252      7.13582   0.00450000  0.000175000
      15.7329      17.8141      6.23375   0.00450000  0.000175000
      12.4194      16.5736      5.35904   0.00450000  0.000175000
      9.80371      15.3649      4.52221   0.00450000  0.000175000
      7.73891      14.1509      3.74158   0.00450000  0.000175000
      6.10890      12.9178      3.03031   0.00450000  0.000175000
      4.82229      11.6616      2.38649   0.00450000  0.000175000
      3.80665      10.3890      1.80669   0.00450000  0.000175000
      3.00486      9.12890      1.27467   0.00450000  0.000175000
      2.37204      7.91651     0.802493   0.00450000  0.000175000
      1.87243      6.77638     0.392863   0.00450000  0.000160172
      1.47807      5.72516     0.122049   0.00450000  0.000106936
      1.16677      4.77334   0.00595808   0.00450000  5.37155e-05
     0.921009      3.92966   0.00312531   0.00450000  1.10702e-05
     0.727030      3.20152   0.00236726   0.00450000  1.48238e-06
     0.573905      2.58745   0.00184798   0.00450000  1.82218e-07
     0.453024      2.07396   0.00142807   0.00450000  2.15403e-08
     0.357609      1.65297   0.00109494   0.00449693  3.20107e-09
     0.282293      1.31102  0.000830173   0.00449177  3.68551e-10
     0.222840      1.03344  0.000618219   0.00449055  1.23321e-10
     0.175907     0.808633  0.000446498   0.00448519  9.13677e-12
     0.138852     0.632536  0.000324965   0.00447630  5.31984e-12
     0.109607     0.493483  0.000236094   0.00446743  1.50462e-12
    0.0865234     0.383454  0.000170290   0.00446021  8.14517e-15
    0.0683005     0.296690  0.000120699   0.00445317  1.08835e-15
    0.0539149     0.229363  8.69632e-05   0.00443440  1.62836e-16
    0.0425592     0.176840  6.16908e-05   0.00441947  2.18591e-17
    0.0335961     0.136115  4.27365e-05   0.00440707  3.66894e-18
    0.0265193     0.104878  2.92063e-05   0.00439180  5.01808e-19
    0.0209347    0.0801045  2.02656e-05   0.00437371  9.67124e-20
    0.0165251    0.0609044  1.40071e-05   0.00435470  1.33961e-20
    0.0130444    0.0462184  9.35793e-06   0.00433551  7.10756e-21
    0.0102971    0.0352074  5.90086e-06   0.00431624  9.64752e-22
   0.00812841    0.0265018  3.57628e-06   0.00429330  2.90299e-23
   0.00641644    0.0198035  2.08616e-06   0.00426968  1.49472e-23
   0.00506500    0.0147286  1.37091e-06   0.00424579  1.56494e-24
