Number or MIRI latitudes =       92
     -1.57290      1057.64
    -0.848621      989.893
    0.0480026      892.530
     0.837229      808.893
      1.69092      724.383
      2.47414      582.293
      3.27087      427.123
      4.09517      271.380
      4.91542      185.210
      5.72689      129.237
      6.53869      105.891
      7.35018      102.261
      8.17630      102.768
      8.98846      105.900
      9.84949      109.307
      10.6432      114.743
      11.4289      126.660
      12.2900      138.983
      13.1312      148.543
      13.9702      154.953
      14.8397      161.480
      15.6931      168.137
      16.5141      174.860
      17.3290      183.107
      18.1761      194.790
      19.0697      207.797
      19.9305      221.680
      20.7806      233.837
      21.6068      244.393
      22.4789      244.120
      23.3564      231.787
      24.2395      209.253
      25.1051      191.287
      26.0246      182.167
      26.8902      173.670
      27.7987      163.863
      28.7008      147.927
      29.6570      132.843
      30.5945      118.027
      31.5039      107.547
      32.5170      104.387
      33.3730      104.597
      34.3495      106.417
      35.2777      108.660
      36.2303      111.517
      37.1798      115.740
      38.1126      123.290
      39.0987      139.990
      40.1007      176.720
      41.1061      234.620
      42.1329      294.297
      43.1583      333.540
      44.1507      338.597
      45.1716      317.477
      46.1959      285.037
      47.1747      254.310
      48.2113      236.960
      49.2366      230.727
      50.2785      231.560
      51.4025      233.393
      52.4823      235.417
      53.5665      240.087
      54.6299      245.963
      55.7410      251.907
      56.8366      254.650
      57.9506      254.117
      59.0820      250.013
      60.1960      245.837
      61.3327      239.177
      62.4001      233.617
      63.5491      233.780
      64.7302      240.453
      65.8717      243.513
      67.0543      250.823
      68.2525      260.157
      69.4004      278.930
      70.6128      293.260
      71.7417      310.770
      72.9433      333.180
      74.1845      354.523
      75.2912      381.397
      76.4606      412.167
      77.8045      450.840
      78.9524      490.363
      80.1168      577.800
      81.5290      642.410
      82.5951      691.777
      83.9273      762.773
      85.1245      777.457
      86.3034      829.193
      87.6430      789.143
      88.5952      817.050
